# Source: PTFS1118m
# Coordinates: 270.59350 45.87903
# Epoch Units: PTFHJD
#
# Column definitions
# ------------------
# lcType: s = detected on reference image, t = transient
# filterID: 1 = g', 2 = R
# fieldID: PTF Field ID
# chipID: PTF Chip ID
# sourceID: Source ID
# epoch: Time of observation
# mag: calibrated magnitude
# magErr: calibrated magnitude error
# sextractorFlags: sextractor flags from detection
# ipacFlags: see documentation
# relPhotFlags: relative photometry flags
# limitMag: Magnitude at which 95% of source in reference image are detected
#           in this exposure
#
# lcType filterID fieldID chipID sourceID epoch mag magerr sextractorFlags ipacFlags relPhotFlags limitMag
s 02 004652 11 09786 892.31820700 15.750 0.005 0 2 0 19.85
s 02 004652 11 09786 892.36547731 15.695 0.005 0 2 0 19.94
s 02 004652 11 09786 898.32969560 17.912 0.022 0 2 0 19.95
s 02 004652 11 09786 898.37345573 17.850 0.023 0 2 0 19.81
s 02 004652 11 09786 901.32575201 18.634 0.027 0 194 0 20.46
s 02 004652 11 09786 901.36936207 18.534 0.028 0 2 0 20.28
s 02 004652 11 09786 919.28989090 18.870 0.044 0 2 0 20.13
s 02 004652 11 09786 922.41705965 16.366 0.007 0 2 0 20.03
s 02 004652 11 09786 922.46078917 16.259 0.006 0 2 0 20.20
s 02 004652 11 09786 925.39313487 18.471 0.055 0 2 0 19.30
s 02 004652 11 09786 925.43673433 18.589 0.069 0 2 0 19.18
s 02 004652 11 09786 928.39416493 18.889 0.057 0 2 0 19.68
s 02 004652 11 09786 931.30322161 18.417 0.026 0 2 0 20.24
s 02 004652 11 09786 931.34748092 18.701 0.033 0 2 0 20.18
s 02 004652 11 09786 934.38571089 17.296 0.012 0 2 0 20.27
s 02 004652 11 09786 934.42979013 17.306 0.014 0 2 0 19.96
s 02 004652 11 09786 938.19674149 18.471 0.023 0 2 0 20.70
s 02 004652 11 09786 938.24018066 18.684 0.024 0 2 0 20.85
s 02 004652 11 09786 947.24261886 18.956 0.037 0 2 0 20.46
s 02 004652 11 09786 947.28569785 18.634 0.027 0 2 0 20.55
s 02 004652 11 09786 950.19029817 18.789 0.040 0 2 0 20.11
s 02 004652 11 09786 950.23785700 18.804 0.042 0 2 0 20.10
s 02 004652 11 09786 958.22167781 18.282 0.025 0 2 0 20.20
s 02 004652 11 09786 961.28816118 19.062 0.043 0 2 0 20.23
s 02 004652 11 09786 961.33390986 18.759 0.038 0 2 0 20.18
s 02 004652 11 09786 979.23320882 17.183 0.014 0 2 0 19.82
s 02 004652 11 09786 979.32160587 17.462 0.022 0 2 0 19.49
s 02 004652 11 09786 985.26271462 18.758 0.069 0 2 0 19.36
s 02 004652 11 09786 985.30649312 19.159 0.090 0 2 0 19.01
s 02 004652 11 09786 988.26219132 18.873 0.053 0 2 0 19.70
s 02 004652 11 09786 992.13364684 18.771 0.032 0 2 0 20.44
s 02 004652 11 09786 992.21223410 18.753 0.035 0 2 0 20.20
s 02 004652 11 09786 1006.14768805 18.955 0.051 0 2 0 20.01
s 02 004652 11 09786 1006.19156654 19.292 0.070 0 2 0 19.78
s 02 004652 11 09786 1010.13503121 16.107 0.007 0 2 0 19.77
s 02 004652 11 09786 1010.22116828 15.577 0.007 0 2 0 19.27
s 02 004652 11 09786 1498.43922491 19.222 0.055 0 2 0 20.00
s 02 004652 11 09786 1498.54991778 19.131 0.038 0 2 0 20.48
s 02 004652 11 09786 1954.49568153 18.678 0.037 0 2 0 20.02
s 02 004652 11 09786 1957.44336020 18.683 0.045 0 2 0 19.77
s 02 004652 11 09786 1957.47629095 18.507 0.031 0 2 0 20.14
s 02 004652 11 09786 1958.42089211 18.705 0.054 0 2 0 19.57
s 02 004652 11 09786 1958.45704291 18.970 0.071 0 2 0 19.58
s 02 004652 11 09786 1959.45689485 18.892 0.069 0 2 0 19.43
s 02 004652 11 09786 1959.48940556 18.861 0.081 0 2 0 19.40
s 02 004652 11 09786 1960.42710570 18.948 0.077 0 2 0 19.38
s 02 004652 11 09786 1960.46122642 19.342 0.087 0 2 0 19.37
s 02 004652 11 09786 1963.46612811 0.000 inf 0 0 0 16.34
s 02 004652 11 09786 1970.44686420 15.645 0.007 0 2 0 20.59
s 02 004652 11 09786 1971.46891057 15.841 0.007 0 2 0 20.53
s 02 004652 11 09786 1972.44048562 16.759 0.009 0 2 0 20.61
s 02 004652 11 09786 1972.47434613 16.760 0.009 0 2 0 20.41
s 02 004652 11 09786 1982.45310087 19.276 0.039 0 2 0 20.70
s 02 004652 11 09786 1982.47951113 19.457 0.059 0 2 0 20.15
s 02 004652 11 09786 1983.40955992 19.404 0.038 0 2 0 20.80
s 02 004652 11 09786 1983.46502043 19.092 0.036 0 2 0 20.59
s 02 004652 11 09786 1984.34671828 19.059 0.047 0 2 0 20.22
s 02 004652 11 09786 1984.37337851 18.926 0.040 0 2 0 20.22
s 02 004652 11 09786 1985.41062717 18.950 0.038 0 2 0 20.29
s 02 004652 11 09786 1985.43878740 18.873 0.031 0 2 0 20.49
s 02 004652 11 09786 1986.39781484 19.275 0.055 0 2 0 20.14
s 02 004652 11 09786 1986.42834507 18.839 0.035 0 2 0 20.27
s 02 004652 11 09786 1987.34849170 19.159 0.070 0 2 0 19.54
s 02 004652 11 09786 1987.36857184 19.197 0.074 0 2 0 19.55
s 02 004652 11 09786 1988.33857830 19.231 0.098 0 2 0 19.62
s 02 004652 11 09786 1988.35830842 18.853 0.056 0 2 0 19.73
s 02 004652 11 09786 1989.33794438 19.120 0.074 0 2 0 19.66
s 02 004652 11 09786 1989.35765449 18.946 0.065 0 2 0 19.69
s 02 004652 11 09786 1990.33880989 19.438 0.073 0 2 0 19.79
s 02 004652 11 09786 1990.35889000 19.120 0.062 0 2 0 19.78
s 02 004652 11 09786 1991.40850515 18.975 0.065 0 2 0 19.71
s 02 004652 11 09786 1991.42816524 18.799 0.051 0 2 0 19.76
s 02 004652 11 09786 1992.43240956 18.804 0.042 0 2 0 20.01
s 02 004652 11 09786 1992.45207964 19.366 nan 0 2 0 19.79
s 02 004652 11 09786 1993.41428321 19.144 nan 0 2 0 20.12
s 02 004652 11 09786 1993.43395328 18.875 nan 0 2 0 19.99
s 02 004652 11 09786 1994.41782637 18.910 nan 0 2 0 20.26
s 02 004652 11 09786 1994.43765642 19.006 nan 0 2 0 20.06
s 02 004652 11 09786 1995.40784891 19.037 nan 0 2 0 20.24
s 02 004652 11 09786 1995.42750895 18.765 nan 0 2 0 20.28
s 02 004652 11 09786 1996.46120098 19.400 nan 0 2 0 20.38
s 02 004652 11 09786 1997.39487228 19.308 nan 0 2 4 20.35
s 02 004652 11 09786 1997.41895231 18.738 nan 0 2 0 20.17
s 02 004652 11 09786 1998.41295311 19.025 nan 0 2 4 20.87
s 02 004652 11 09786 1998.43697313 19.006 nan 0 2 4 20.56
