# Source: PTFS1110l
# Coordinates: 164.23741 49.68843
# Epoch Units: PTFHJD
#
# Column definitions
# ------------------
# lcType: s = detected on reference image, t = transient
# filterID: 1 = g', 2 = R
# fieldID: PTF Field ID
# chipID: PTF Chip ID
# sourceID: Source ID
# epoch: Time of observation
# mag: calibrated magnitude
# magErr: calibrated magnitude error
# sextractorFlags: sextractor flags from detection
# ipacFlags: see documentation
# relPhotFlags: relative photometry flags
# limitMag: Magnitude at which 95% of source in reference image are detected
#           in this exposure
#
# lcType filterID fieldID chipID sourceID epoch mag magerr sextractorFlags ipacFlags relPhotFlags limitMag
s 02 100188 09 00432 75.17661657 17.088 0.019 0 2 4 20.83
s 02 100188 09 00432 75.25285342 17.267 0.021 0 2 4 21.15
s 02 100188 09 00432 75.35034937 17.194 0.021 0 2 4 20.73
s 02 100188 09 00432 75.43347591 17.504 0.021 0 194 4 20.54
s 02 100188 09 00432 102.16159101 16.567 0.012 2 2 0 21.15
s 02 100188 09 00432 102.17017045 16.720 0.013 2 2 4 21.14
s 02 100188 09 00432 102.17895987 16.892 0.015 2 2 4 20.98
s 02 100188 09 00432 102.18766929 16.891 0.015 2 2 4 20.88
s 02 100188 09 00432 102.19673870 16.819 0.011 2 2 0 21.03
s 02 100188 09 00432 102.20623807 16.602 0.010 2 2 0 20.88
s 02 100188 09 00432 102.21531747 16.433 0.012 2 2 4 21.16
s 02 100188 09 00432 102.23208637 16.621 0.011 2 2 0 20.81
s 02 100188 09 00432 102.24012584 16.697 0.010 2 2 0 20.56
s 02 100188 09 00432 102.24818530 16.780 0.012 2 2 0 20.51
s 02 100188 09 00432 102.26353429 16.876 0.013 2 2 0 20.28
s 02 100188 09 00432 102.27151377 16.782 0.013 2 2 0 20.31
s 02 100188 09 00432 102.27945324 16.546 0.011 2 2 0 20.31
s 02 100188 09 00432 102.29231239 16.502 0.011 2 2 0 20.37
s 02 100188 09 00432 102.30046186 16.551 0.011 2 2 0 20.41
s 02 100188 09 00432 102.30864132 16.629 0.010 2 2 0 20.33
s 02 100188 09 00432 102.31686077 16.830 0.012 2 2 0 20.32
s 02 100188 09 00432 102.32509023 16.905 0.012 2 2 0 20.30
s 02 100188 09 00432 102.33328969 16.922 0.012 0 2 0 20.29
s 02 100188 09 00432 102.34151915 16.861 0.013 0 2 0 20.33
s 02 100188 09 00432 102.34976860 16.559 0.010 2 2 0 20.27
s 02 100188 09 00432 102.35804806 16.424 0.010 0 2 0 20.28
s 02 100188 09 00432 102.36633751 16.417 0.010 2 2 0 20.29
s 02 100188 09 00432 102.37464696 16.530 0.011 0 2 0 20.27
s 02 100188 09 00432 102.38299641 16.519 0.011 0 2 0 20.26
s 02 100188 09 00432 102.39136586 16.685 0.012 0 2 0 20.19
s 02 100188 09 00432 102.39971531 16.794 0.012 0 2 0 19.94
s 02 100188 09 00432 102.40807475 16.773 0.012 2 2 0 20.04
s 02 100188 09 00432 102.41648420 16.515 0.013 0 2 0 19.95
s 02 100188 09 00432 102.42491364 16.392 0.011 0 2 0 20.03
s 02 100188 09 00432 102.43333309 16.297 0.011 0 2 0 19.86
s 02 100188 09 00432 102.44178253 16.367 0.012 0 2 0 19.74
s 02 100188 09 00432 102.45021197 16.456 0.013 0 2 0 19.69
s 02 100188 09 00432 102.45868141 16.579 0.015 0 2 0 19.75
s 02 100188 09 00432 102.46716085 16.648 0.015 0 2 0 19.56
s 02 100188 09 00432 102.47560029 16.752 0.016 0 2 0 19.43
s 02 100188 09 00432 103.37046090 16.577 0.014 0 2 4 20.16
s 02 100188 09 00432 103.37852036 16.725 0.013 2 2 4 20.22
s 02 100188 09 00432 103.38664982 16.836 0.019 0 2 4 19.43
s 02 100188 09 00432 103.39479928 16.899 0.023 0 2 4 19.46
s 02 100188 09 00432 103.40288874 17.038 0.019 0 2 4 19.95
s 02 100188 09 00432 103.41106819 16.932 0.018 0 2 4 19.69
s 02 100188 09 00432 103.41928764 16.842 0.041 0 2 4 18.00
s 02 100188 09 00432 103.42744710 16.680 0.020 0 2 4 19.17
s 02 100188 09 00432 103.43558656 16.591 0.034 0 2 4 18.04
s 02 100188 09 00432 103.44377601 16.495 0.017 0 2 4 19.54
s 02 100188 09 00432 103.45198546 16.700 0.018 0 2 4 19.72
s 02 100188 09 00432 103.46023491 0.000 inf 0 0 0 16.12
s 02 100188 09 00432 103.46845436 17.124 0.187 0 0 4 16.57
s 02 100188 09 00432 103.47667381 16.817 0.088 0 2 4 17.78
s 02 100188 09 00432 145.23969689 16.835 0.009 2 2 0 20.70
s 02 100188 09 00432 145.29467278 16.638 0.008 2 2 0 20.44
s 02 100188 09 00432 145.34575896 16.407 0.009 2 2 0 20.13
s 02 100188 09 00432 152.17645552 17.276 0.017 0 2 0 19.79
s 02 100188 09 00432 152.23278144 17.449 0.018 0 194 0 19.81
s 02 100188 09 00432 152.29326706 17.312 0.021 0 2 0 19.43
s 02 100188 09 00432 154.32422087 17.336 0.201 0 0 4 16.57
s 02 100188 09 00432 311.39374445 17.072 0.044 0 2 0 18.16
s 02 004771 09 00867 311.42258669 17.077 0.017 0 2 0 19.57
s 02 100188 09 00432 311.43774786 17.038 0.015 0 2 0 19.60
s 02 004771 09 00867 311.46715013 17.354 0.086 0 2 4 16.94
s 02 100188 09 00432 371.49018680 17.283 0.013 0 2 0 20.49
s 02 100188 09 00432 371.53546891 17.091 0.026 0 2 4 19.39
s 02 100188 09 00432 412.48760553 15.334 0.005 0 2 0 20.30
s 02 100188 09 00432 412.53332525 15.425 0.005 0 2 0 20.34
s 02 100188 09 00432 419.55171897 16.276 0.015 0 2 4 19.77
s 02 004771 09 00867 447.52413626 17.731 0.027 0 2 0 19.52
s 02 004771 09 00867 448.16953444 17.447 0.021 0 2 0 19.71
s 02 004771 09 00867 448.21315227 17.358 0.018 0 2 0 19.79
s 02 004771 09 00867 461.37932708 17.099 0.016 0 2 0 19.83
s 02 004771 09 00867 461.49186015 17.244 0.033 0 2 0 18.80
s 02 004771 09 00867 481.25197589 17.003 0.016 0 194 0 19.74
s 02 004771 09 00867 481.31231148 16.936 0.015 0 2 0 19.54
s 02 004771 09 00867 486.34158955 17.222 0.017 2 2 0 19.72
s 02 004771 09 00867 486.38605623 17.029 0.020 0 2 0 19.38
s 02 004771 09 00867 680.49488201 16.914 0.014 0 2 0 19.79
s 02 004771 09 00867 680.54798615 16.744 0.010 2 2 0 20.10
s 02 100188 09 00432 681.55709477 16.831 0.018 0 2 0 19.01
s 02 100188 09 00432 682.37467851 17.091 0.022 0 2 0 19.22
s 02 100188 09 00432 682.46639566 17.026 0.011 2 2 0 20.01
s 02 100188 09 00432 683.44077166 16.760 0.010 2 2 0 20.20
s 02 100188 09 00432 683.48378501 16.837 0.009 2 2 0 20.37
s 02 100188 09 00432 684.44760019 17.219 0.011 2 2 0 20.38
s 02 100188 09 00432 684.49178364 17.105 0.010 2 2 0 20.45
s 02 100188 09 00432 686.41293343 16.941 0.013 0 2 0 19.78
s 02 100188 09 00432 686.46165722 17.129 0.012 2 2 0 19.99
s 02 100188 09 00432 687.48029656 17.192 0.089 0 2 4 17.56
s 02 100188 09 00432 687.52401997 17.056 0.014 0 2 0 20.28
s 02 100188 09 00432 693.55308692 13.129 0.006 4 258 8 19.69
s 02 100188 09 00432 694.54529313 13.315 0.005 4 258 8 19.78
s 02 100188 09 00432 698.34395246 13.728 0.006 0 2 8 19.37
s 02 100188 09 00432 698.41214762 13.747 0.005 0 2 8 19.82
s 02 100188 09 00432 699.39587179 14.568 0.005 0 2 0 19.99
s 02 100188 09 00432 699.44477546 14.639 0.004 0 2 0 20.33
s 02 100188 09 00432 700.44345039 15.560 0.006 0 2 0 19.83
s 02 100188 09 00432 700.51538577 15.920 0.005 2 2 0 20.37
s 02 100188 09 00432 701.55587339 16.174 0.067 0 2 4 17.75
s 02 100188 09 00432 703.46613472 16.292 0.014 0 2 0 19.11
s 02 100188 09 00432 705.38365490 16.428 0.007 0 2 0 20.31
s 02 100188 09 00432 705.54802683 16.770 0.008 2 2 0 20.50
s 02 100188 09 00432 706.50155578 16.655 0.007 2 2 0 20.66
s 02 100188 09 00432 706.56272019 16.914 0.009 2 2 0 20.51
s 02 100188 09 00432 710.52245097 16.724 0.023 2 2 4 19.93
s 02 100188 09 00432 710.56671405 16.777 0.013 2 2 0 20.30
s 02 100188 09 00432 722.48822490 17.171 0.015 0 2 0 19.78
s 02 100188 09 00432 722.53272761 17.250 0.014 0 2 0 19.87
s 02 100188 09 00432 725.46758224 17.202 0.012 2 2 0 20.28
s 02 100188 09 00432 725.53272603 17.258 0.013 2 2 0 20.23
s 02 100188 09 00432 729.55074201 17.126 0.023 0 2 0 19.38
s 02 100188 09 00432 737.50071110 17.002 0.010 3 2 0 20.54
s 02 100188 09 00432 737.50246118 16.927 0.009 2 2 0 20.61
s 02 100188 09 00432 739.42797751 16.922 0.013 0 2 0 20.06
s 02 100188 09 00432 740.32482628 16.676 0.019 0 2 0 19.19
s 02 100188 09 00432 741.52972689 16.688 0.007 2 2 0 20.60
s 02 100188 09 00432 741.57537878 16.859 0.009 2 2 0 20.32
s 02 100188 09 00432 742.53268773 16.769 0.008 2 2 0 20.45
s 02 100188 09 00432 742.57629948 16.571 0.008 2 2 0 20.26
s 02 100188 09 00432 743.58344924 16.950 0.031 0 2 0 18.49
s 02 100188 09 00432 744.21045337 0.000 inf 0 0 0 14.24
s 02 100188 09 00432 744.27683590 16.524 0.017 0 2 0 18.72
s 02 100188 09 00432 745.24517217 17.146 0.025 0 2 0 18.86
s 02 100188 09 00432 745.30091423 16.990 0.026 0 2 0 18.67
s 02 100188 09 00432 746.40790422 17.156 0.021 2 2 0 19.33
s 02 100188 09 00432 746.48642700 17.045 0.014 2 2 0 19.79
s 02 100188 09 00432 747.49853216 17.288 0.016 0 194 0 19.78
s 02 100188 09 00432 747.54258366 17.423 0.019 0 194 0 19.77
s 02 100188 09 00432 748.50078573 17.180 0.016 0 2 0 19.58
s 02 100188 09 00432 748.54910731 17.249 0.018 0 2 0 19.49
s 02 100188 09 00432 749.44648625 17.033 0.027 0 2 0 18.86
s 02 100188 09 00432 749.49026764 17.205 0.026 0 2 0 18.79
s 02 100188 09 00432 750.44660731 17.206 0.022 0 2 0 19.34
s 02 100188 09 00432 750.49798887 17.213 0.029 0 2 0 19.15
s 02 100188 09 00432 751.45400732 17.234 0.017 2 2 0 19.74
s 02 100188 09 00432 751.49748858 17.251 0.015 0 2 0 19.89
s 02 100188 09 00432 753.42153220 17.234 0.015 2 2 0 19.81
s 02 100188 09 00432 753.49531416 17.201 0.013 0 2 0 20.04
s 02 100188 09 00432 754.46403925 17.210 0.013 2 2 0 20.05
s 02 100188 09 00432 754.50900039 17.166 0.017 2 2 0 19.65
s 02 100188 09 00432 755.47186407 17.108 0.012 2 2 0 20.10
s 02 100188 09 00432 755.52468534 17.120 0.089 0 2 4 17.52
s 02 100188 09 00432 756.51832844 17.279 0.012 3 2 0 20.28
s 02 100188 09 00432 756.56251944 17.076 0.012 2 2 0 20.14
s 02 100188 09 00432 757.52249048 17.144 0.010 2 2 0 20.44
s 02 100188 09 00432 758.51845102 17.104 0.009 2 2 0 20.59
s 02 100188 09 00432 759.24585519 17.264 0.011 2 2 0 20.51
s 02 100188 09 00432 759.30546632 17.206 0.041 0 2 0 18.39
s 02 100188 09 00432 766.50814779 16.985 0.016 0 2 0 19.61
s 02 100188 09 00432 766.55302820 17.056 0.021 0 2 0 19.41
s 02 100188 09 00432 767.50945634 17.312 0.011 2 2 0 20.38
s 02 100188 09 00432 769.54086950 17.052 0.020 0 2 0 19.25
s 02 100188 09 00432 771.13597589 16.970 0.021 0 2 0 19.23
s 02 100188 09 00432 772.20435823 17.013 0.012 2 2 0 19.81
s 02 100188 09 00432 772.24945829 17.090 0.011 2 2 0 20.16
s 02 100188 09 00432 773.21859901 16.977 0.011 2 2 0 19.98
s 02 100188 09 00432 773.26281902 16.987 0.011 0 2 0 20.16
s 02 100188 09 00432 774.21723842 17.097 0.013 0 2 0 19.86
s 02 100188 09 00432 774.26141836 17.110 0.013 0 2 0 19.87
s 02 100188 09 00432 782.51958117 16.628 0.011 0 2 0 19.91
s 02 100188 09 00432 782.56527060 16.836 0.015 0 2 0 19.35
s 02 100188 09 00432 803.14037935 17.380 0.026 0 2 0 19.22
s 02 100188 09 00432 803.14149931 17.396 0.029 0 2 0 19.11
s 02 100188 09 00432 807.28752011 17.034 0.036 0 2 4 18.29
s 02 100188 09 00432 807.28880005 16.965 0.032 0 2 0 18.29
s 02 004771 09 00867 1466.47443791 16.848 0.025 0 2 4 24.02
s 02 004771 09 00867 1469.39340231 16.879 0.011 2 2 0 24.02
s 02 004771 09 00867 1469.44389455 16.940 0.013 0 2 0 24.02
s 02 004771 09 00867 1470.34618410 16.733 0.023 0 2 4 24.02
s 02 004771 09 00867 1470.39412618 16.984 0.014 2 2 0 24.02
s 02 004771 09 00867 1470.44262828 17.129 0.065 0 2 4 24.02
s 02 004771 09 00867 1473.36688968 17.041 0.008 2 2 0 24.02
s 02 004771 09 00867 1473.41573163 16.903 0.008 3 2 0 24.02
s 02 004771 09 00867 1473.46345352 16.826 0.018 2 2 4 24.02
s 02 004771 09 00867 1474.36463880 17.075 0.009 3 2 0 24.02
s 02 004771 09 00867 1474.41235064 17.475 0.012 3 2 0 24.02
s 02 004771 09 00867 1474.45987247 17.097 0.010 3 2 0 24.02
s 02 004771 09 00867 1475.37977738 17.145 0.013 0 2 0 24.02
s 02 004771 09 00867 1475.47509094 17.140 0.013 0 2 0 24.02
s 02 004771 09 00867 1490.23457384 17.165 0.022 0 2 0 24.02
s 02 004771 09 00867 1490.28313473 17.567 0.024 0 2 0 24.02
s 02 004771 09 00867 1491.38219407 17.442 0.015 0 2 0 24.02
s 02 004771 09 00867 1491.43016488 17.348 0.013 0 2 0 24.02
s 02 004771 09 00867 1492.55128287 17.365 0.014 0 2 0 24.02
s 02 004771 09 00867 1903.37806835 15.862 0.007 0 2 0 19.91
s 02 004771 09 00867 1904.43268193 15.970 0.008 0 2 0 19.79
s 02 004771 09 00867 1904.46689041 16.093 0.017 0 2 0 18.62
s 02 004771 09 00867 1905.36814975 16.259 0.006 2 2 0 24.02
s 02 004771 09 00867 1905.40468809 16.393 0.007 2 2 0 24.02
s 02 004771 09 00867 1907.21182389 16.641 0.008 0 2 0 24.02
s 02 004771 09 00867 1907.29036015 16.586 0.007 2 2 0 24.02
s 02 004771 09 00867 1908.19172680 16.904 0.021 0 194 4 24.02
s 02 004771 09 00867 1908.23259482 16.791 0.018 0 194 4 24.02
s 02 004771 09 00867 1922.31031632 17.352 0.013 2 2 0 24.02
s 02 004771 09 00867 1922.38312185 17.379 0.014 2 2 0 24.02
s 02 004771 09 00867 1924.30331243 0.000 inf 0 0 0 24.02
s 02 004771 09 00867 1924.33643035 17.414 0.022 0 2 0 24.02
s 02 004771 09 00867 1925.28950003 0.000 inf 0 0 0 16.31
s 02 004771 09 00867 1925.32512776 17.341 0.052 0 2 0 18.30
s 02 004771 09 00867 1927.26703279 17.345 0.018 0 2 0 19.75
s 02 004771 09 00867 1927.29953068 17.176 0.016 0 2 0 19.71
s 02 004771 09 00867 1929.18741667 17.557 0.024 0 2 0 19.60
s 02 004771 09 00867 1929.22402424 17.473 0.023 0 2 0 19.59
s 02 004771 09 00867 1948.16904383 16.318 0.007 2 2 0 20.56
s 02 004771 09 00867 1948.19919157 16.205 0.006 2 2 0 20.54
s 02 004771 09 00867 1949.16896877 16.688 0.008 2 2 0 24.02
s 02 004771 09 00867 1949.19885652 16.656 0.008 2 2 0 24.02
s 02 004771 09 00867 1950.19081183 16.333 0.012 0 2 0 19.74
s 02 004771 09 00867 1950.22661913 16.669 0.009 2 2 0 20.22
s 02 004771 09 00867 1951.16962793 16.895 0.012 2 2 0 24.02
s 02 004771 09 00867 1951.19940568 17.060 0.012 2 2 0 24.02
