# Source: PTFS1115am
# Coordinates: 239.22699 21.12195
# Epoch Units: PTFHJD
#
# Column definitions
# ------------------
# lcType: s = detected on reference image, t = transient
# filterID: 1 = g', 2 = R
# fieldID: PTF Field ID
# chipID: PTF Chip ID
# sourceID: Source ID
# epoch: Time of observation
# mag: calibrated magnitude
# magErr: calibrated magnitude error
# sextractorFlags: sextractor flags from detection
# ipacFlags: see documentation
# relPhotFlags: relative photometry flags
# limitMag: Magnitude at which 95% of source in reference image are detected
#           in this exposure
#
# lcType filterID fieldID chipID sourceID epoch mag magerr sextractorFlags ipacFlags relPhotFlags limitMag
s 02 100103 08 06639 75.34147688 17.115 0.011 0 2 0 20.43
s 02 100103 08 06639 75.41816167 17.089 0.011 0 2 0 20.41
s 02 100103 08 06639 75.53880920 17.087 0.012 0 2 0 20.32
s 02 100103 08 06639 75.54025929 17.105 0.012 0 2 0 20.33
s 02 003692 06 09506 142.21512752 17.213 0.014 0 2 0 20.31
s 02 003692 06 09506 142.27758670 17.173 0.012 0 2 0 20.42
s 02 003692 06 09506 142.34122585 17.243 0.012 0 2 0 20.58
s 02 003692 06 09506 142.41298488 17.153 0.012 2 2 0 20.49
s 02 003692 06 09506 142.45863427 17.222 0.013 2 2 0 20.38
s 02 003692 06 09506 142.49196382 17.170 0.019 0 2 0 19.70
s 02 100103 08 06639 146.24621421 17.275 0.011 0 2 0 20.87
s 02 100103 08 06639 146.32326281 17.217 0.011 0 2 0 20.93
s 02 100103 08 06639 146.36374206 17.248 0.011 0 2 0 20.97
s 02 100103 08 06639 146.39508149 17.180 0.011 0 2 0 20.80
s 02 100103 08 06639 146.42700090 17.242 0.012 0 2 0 20.69
s 02 100103 08 06639 146.43906068 17.173 0.012 2 2 0 20.57
s 02 100103 08 06639 146.44808051 17.211 0.012 0 2 0 20.63
s 02 100103 08 06639 146.45716035 17.240 0.012 0 2 0 20.56
s 02 100103 08 06639 146.46477021 17.216 0.012 0 2 0 20.51
s 02 100103 08 06639 146.47099009 17.199 0.012 2 2 0 20.49
s 02 100103 08 06639 146.47716998 17.186 0.013 2 2 0 20.36
s 02 100103 08 06639 146.48336986 17.167 0.014 0 2 0 20.15
s 02 100103 08 06639 146.48785978 17.218 0.018 0 2 0 19.79
s 02 003692 06 09506 170.30512035 17.187 0.012 0 2 0 20.45
s 02 100103 08 06639 170.30652029 17.165 0.012 0 2 0 20.65
s 02 100103 08 06639 178.28266882 17.159 0.012 0 2 0 20.55
s 02 100103 08 06639 179.21923903 17.245 0.019 0 2 4 20.17
s 02 100103 08 06639 183.24227668 17.141 0.017 0 194 0 19.78
s 02 100103 08 06639 183.34487083 17.235 0.024 0 194 0 19.34
s 02 003692 06 09506 184.28687677 17.211 0.018 0 2 0 19.82
s 02 003692 06 09506 184.35759269 17.150 0.019 0 2 0 19.70
s 02 100103 08 06639 187.21650425 17.194 0.018 0 194 0 19.71
s 02 100103 08 06639 187.32005804 17.194 0.022 0 2 0 19.39
s 02 100103 08 06639 190.20295185 17.186 0.014 0 2 0 20.19
s 02 100103 08 06639 190.30133573 17.123 0.016 0 2 0 19.82
s 02 100103 08 06639 192.24777337 17.179 0.014 0 2 0 20.22
s 02 100103 08 06639 192.34880695 17.139 0.016 0 2 0 19.83
s 02 003692 06 09506 194.21262732 17.103 0.013 0 2 0 20.40
s 02 100103 08 06639 194.23457590 17.238 0.012 0 2 0 20.49
s 02 003692 06 09506 194.28625255 17.181 0.015 0 2 0 20.21
s 02 100103 08 06639 194.32774986 17.220 0.016 0 2 0 20.02
s 02 100103 08 06639 196.21502638 17.131 0.013 0 2 0 20.39
s 02 100103 08 06639 196.36020679 17.217 0.016 0 194 0 20.04
s 02 100103 08 06639 199.21916556 17.213 0.011 0 2 0 20.87
s 02 100103 08 06639 199.31405913 17.214 0.012 0 2 0 20.44
s 02 100103 08 06639 202.20032155 17.115 0.010 0 2 0 20.76
s 02 100103 08 06639 202.30506430 17.217 0.012 0 2 0 20.38
s 02 003692 06 09506 204.22646048 17.152 0.014 0 194 0 20.32
s 02 100103 08 06639 204.25572843 17.355 0.094 0 2 4 19.44
s 02 003692 06 09506 204.32107385 17.128 0.016 0 2 0 19.94
s 02 100103 08 06639 204.34942186 16.922 0.180 0 2 4 18.71
s 02 100103 08 06639 208.19239943 17.083 0.011 0 2 0 20.54
s 02 100103 08 06639 210.22215341 17.142 0.012 2 2 0 20.26
s 02 100103 08 06639 210.32011633 17.189 0.012 3 2 0 20.43
s 02 100103 08 06639 213.17040914 17.115 0.013 0 2 0 20.25
s 02 100103 08 06639 213.30088961 17.131 0.016 0 2 0 19.84
s 02 100103 08 06639 218.17287098 17.167 0.015 2 2 0 19.98
s 02 100103 08 06639 218.25911460 17.196 0.020 0 2 0 19.50
s 02 003692 06 09506 221.20248608 17.143 0.012 0 2 0 20.26
s 02 003692 06 09506 221.28211016 17.115 0.018 0 2 0 19.63
s 02 100103 08 06639 222.30279417 17.168 0.021 0 2 0 19.59
s 02 100103 08 06639 223.25552319 17.216 0.014 0 2 0 20.23
s 02 100103 08 06639 226.17876522 17.146 0.011 0 2 0 20.61
s 02 100103 08 06639 227.20562867 17.202 0.011 0 2 0 20.61
s 02 100103 08 06639 229.21667888 17.138 0.012 0 2 0 20.45
s 02 100103 08 06639 229.29217326 17.173 0.015 0 2 0 20.07
s 02 100103 08 06639 231.20749094 17.162 0.013 0 2 0 20.34
s 02 100103 08 06639 231.25274758 17.206 0.014 0 2 0 20.19
s 02 100103 08 06639 234.18270087 17.147 0.013 0 2 0 20.29
s 02 100103 08 06639 234.23703687 17.152 0.014 0 2 0 20.23
s 02 100103 08 06639 237.19753966 17.121 0.012 0 2 0 20.41
s 02 100103 08 06639 237.24350630 17.085 0.012 0 2 0 20.31
s 02 100103 08 06639 249.15496139 17.217 0.018 0 2 0 19.79
s 02 100103 08 06639 249.19870839 17.225 0.020 0 2 0 19.71
s 02 100103 08 06639 256.12816772 17.098 0.011 0 2 0 20.46
s 02 100103 08 06639 256.17224488 17.063 0.011 0 2 0 20.42
s 02 100103 08 06639 351.54675528 17.099 0.014 3 2 0 19.89
s 02 100103 08 06639 354.53051352 17.191 0.092 0 2 4 17.76
s 02 100103 08 06639 356.55746278 17.118 0.016 3 2 0 19.40
s 02 100103 08 06639 360.55395063 17.158 0.015 0 2 0 19.84
s 02 100103 08 06639 363.55637685 17.137 0.024 0 2 4 19.31
s 02 100103 08 06639 364.50719120 17.285 0.045 3 2 4 18.14
s 02 100103 08 06639 364.55106373 17.206 0.034 3 2 4 18.52
s 02 100103 08 06639 366.55723112 17.037 0.015 0 2 0 19.80
s 02 100103 08 06639 367.51803857 17.078 0.016 0 2 0 19.72
s 02 100103 08 06639 367.56205122 17.106 0.015 0 2 0 19.88
s 02 100103 08 06639 369.55362281 17.063 0.015 3 2 0 19.84
s 02 100103 08 06639 370.48615083 17.156 0.084 0 2 4 17.81
s 02 100103 08 06639 370.53021359 17.181 0.037 0 2 4 19.10
s 02 100103 08 06639 372.55622206 0.000 inf 0 0 0 16.37
s 02 100103 08 06639 373.51620401 17.048 0.012 0 2 0 20.23
s 02 100103 08 06639 373.56233700 17.124 0.012 0 2 0 20.34
s 02 100103 08 06639 376.47666915 17.139 0.021 3 2 0 19.57
s 02 100103 08 06639 376.52099212 17.133 0.012 0 2 0 20.29
s 02 100103 08 06639 381.46537077 17.848 0.324 0 0 4 17.01
s 02 100103 08 06639 381.51093396 17.043 0.023 0 2 4 20.25
s 02 100103 08 06639 389.50529880 17.114 0.009 0 2 0 20.60
s 02 100103 08 06639 389.54918204 17.106 0.009 0 2 0 20.73
s 02 100103 08 06639 395.43402080 17.157 0.019 0 2 0 19.43
s 02 100103 08 06639 395.47872417 17.136 0.015 0 2 0 19.90
s 02 100103 08 06639 411.52931814 17.128 0.009 0 2 0 20.68
s 02 100103 08 06639 412.38025284 17.107 0.013 3 2 0 20.10
s 02 100103 08 06639 412.42556628 17.077 0.010 2 2 0 20.32
s 02 100103 08 06639 414.49113278 17.100 0.011 2 2 0 20.35
s 02 100103 08 06639 414.53602618 17.109 0.013 2 2 0 20.27
s 02 100103 08 06639 419.35751740 17.150 0.038 0 2 0 18.76
s 02 100103 08 06639 436.40001699 17.166 0.010 2 2 0 20.55
s 02 100103 08 06639 436.44365985 17.159 0.009 0 2 0 20.79
s 02 003692 06 09506 438.53895566 17.061 0.013 3 2 0 19.94
s 02 100103 08 06639 439.33361634 17.104 0.015 3 2 0 19.52
s 02 100103 08 06639 439.39380016 17.130 0.011 3 2 0 20.29
s 02 003692 06 09506 439.51703797 17.138 0.015 3 2 0 19.83
s 02 003692 06 09506 440.34923044 17.132 0.012 3 2 0 20.03
s 02 003692 06 09506 440.39316319 17.162 0.012 3 2 0 20.01
s 02 003692 06 09506 533.38845668 17.050 0.009 0 2 0 20.65
s 02 003692 06 09506 533.43250478 17.069 0.011 3 2 0 20.33
s 02 003692 06 09506 539.21266918 17.059 0.013 0 2 0 19.97
s 02 003692 06 09506 539.26051684 17.098 0.013 0 2 0 19.97
s 02 003692 06 09506 544.35268643 17.092 0.013 0 2 0 19.95
s 02 003692 06 09506 549.34472916 17.085 0.011 3 2 0 20.26
s 02 003692 06 09506 549.38909661 17.092 0.012 2 2 0 20.18
s 02 003692 06 09506 567.26990528 17.076 0.014 0 2 0 19.81
s 02 003692 06 09506 567.31552213 17.113 0.016 0 2 0 19.72
s 02 003692 06 09506 580.17761206 17.148 0.015 0 2 0 20.17
s 02 003692 06 09506 580.22295873 17.134 0.019 0 2 0 19.69
s 02 003692 06 09506 585.18079206 17.163 0.018 0 2 0 19.82
s 02 003692 06 09506 585.24015765 17.096 0.019 0 2 0 19.64
s 02 003692 06 09506 589.22054118 17.050 0.010 0 2 0 20.52
s 02 003692 06 09506 589.28041671 17.115 0.011 2 2 0 20.21
s 02 003692 06 09506 593.17529631 17.042 0.107 0 2 4 18.26
s 02 003692 06 09506 593.21947302 17.069 0.013 0 2 0 19.85
s 02 100103 08 06639 603.17611821 17.114 0.014 0 194 0 20.05
s 02 100103 08 06639 603.24132347 17.005 0.020 0 2 4 19.62
s 02 100103 08 06639 613.13975975 17.073 0.010 0 2 0 20.57
s 02 100103 08 06639 613.22089415 17.091 0.017 3 2 0 19.63
s 02 100103 08 06639 618.14426047 17.153 0.011 0 2 0 20.39
s 02 100103 08 06639 618.19375718 17.179 0.012 0 2 0 20.26
s 02 100103 08 06639 619.14567424 17.117 0.011 0 2 0 20.33
s 02 100103 08 06639 619.20537031 17.050 0.011 0 2 0 20.23
s 02 003692 06 09506 627.11939019 17.109 0.017 0 2 0 19.58
s 02 003692 06 09506 627.16698731 17.128 0.020 3 2 0 19.34
s 02 003692 06 09506 631.11521502 17.191 0.020 0 2 0 19.44
s 02 003692 06 09506 631.15841255 17.134 0.024 0 2 0 19.27
s 02 100103 08 06639 740.55346997 17.279 0.071 0 2 4 18.32
s 02 100103 08 06639 742.54223276 17.153 0.011 2 2 0 24.02
s 02 100103 08 06639 747.52570617 17.133 0.015 0 2 0 19.84
s 02 100103 08 06639 747.57783984 17.152 0.020 0 2 0 19.53
s 02 100103 08 06639 748.52944701 17.181 0.018 0 2 0 19.66
s 02 100103 08 06639 748.57328012 17.132 0.018 0 2 0 19.69
s 02 100103 08 06639 750.49994756 17.136 0.024 3 2 0 19.25
s 02 100103 08 06639 750.54419074 17.158 0.015 0 2 0 19.88
s 02 100103 08 06639 751.49673937 17.196 0.016 0 2 0 19.85
s 02 100103 08 06639 751.54021251 17.182 0.013 0 2 0 20.12
s 02 100103 08 06639 753.44347085 17.231 0.018 0 2 0 19.72
s 02 100103 08 06639 753.48726406 17.260 0.015 0 2 0 19.98
s 02 100103 08 06639 754.52792035 17.167 0.016 3 2 0 19.80
s 02 100103 08 06639 754.57213360 17.244 0.016 3 2 0 19.82
s 02 100103 08 06639 755.56085648 17.181 0.020 3 2 0 19.53
s 02 100103 08 06639 756.48935524 17.201 0.017 3 2 0 19.50
s 02 100103 08 06639 756.53270846 17.163 0.013 3 2 0 20.09
s 02 100103 08 06639 757.50231059 17.164 0.012 3 2 0 20.31
s 02 100103 08 06639 757.54549381 17.151 0.011 0 2 0 20.42
s 02 100103 08 06639 758.50872577 17.153 0.010 2 2 0 20.41
s 02 100103 08 06639 758.56082967 17.213 0.012 2 2 0 20.35
s 02 100103 08 06639 761.52625283 17.256 0.014 3 2 0 19.62
s 02 100103 08 06639 761.57037616 17.319 0.019 3 2 0 19.13
s 02 100103 08 06639 769.41491393 0.000 inf 0 0 0 17.92
s 02 100103 08 06639 769.45902731 0.000 inf 0 0 0 18.25
s 02 100103 08 06639 771.41514702 17.180 0.015 3 2 0 19.73
s 02 100103 08 06639 771.46015047 17.186 0.016 3 2 0 19.65
s 02 100103 08 06639 772.41852379 17.167 0.013 3 2 0 20.04
s 02 100103 08 06639 772.46257716 17.185 0.012 3 2 0 20.26
s 02 100103 08 06639 773.42117045 17.127 0.013 0 2 0 20.08
s 02 100103 08 06639 773.46587387 17.163 0.010 2 2 0 20.46
s 02 100103 08 06639 774.47878123 17.162 0.011 0 2 0 20.39
s 02 100103 08 06639 774.52239456 17.195 0.011 3 2 0 20.46
s 02 100103 08 06639 801.35705655 13.393 0.003 7 258 8 20.24
s 02 100103 08 06639 802.30990889 14.005 0.004 3 2 8 19.53
s 02 100103 08 06639 802.35370174 14.043 0.003 3 2 8 19.95
s 02 003692 06 09506 802.46245881 14.116 0.004 2 2 8 20.41
s 02 100103 08 06639 803.31156374 15.020 0.007 3 2 0 19.31
s 02 100103 08 06639 803.36258702 15.089 0.007 2 2 0 19.51
s 02 100103 08 06639 804.30540737 16.335 0.013 3 2 0 19.26
s 02 100103 08 06639 804.34854012 16.462 0.013 3 2 0 19.33
s 02 100103 08 06639 805.30104039 16.851 0.018 0 2 0 19.37
s 02 100103 08 06639 805.34428311 16.796 0.014 0 2 0 19.77
s 02 003692 06 09506 805.37153482 16.765 0.036 0 2 4 18.36
s 02 003692 06 09506 805.41472754 16.930 0.079 0 2 4 17.59
s 02 100103 08 06639 806.32919468 16.672 0.041 0 2 0 18.11
s 02 100103 08 06639 806.37347743 16.823 0.025 0 2 0 18.87
s 02 100103 08 06639 807.29752449 16.854 0.068 3 2 4 17.66
s 02 100103 08 06639 807.34116717 0.000 inf 0 0 0 17.64
s 02 100103 08 06639 811.32353508 16.975 0.016 0 2 0 19.68
s 02 100103 08 06639 811.36639756 16.928 0.014 0 2 0 19.82
s 02 003692 06 09506 811.41566042 17.072 0.015 0 2 0 19.72
s 02 003692 06 09506 811.48059419 16.969 0.014 0 2 0 19.77
s 02 100103 08 06639 819.31152053 17.025 0.014 3 2 0 19.73
s 02 100103 08 06639 819.35485272 17.081 0.011 3 2 0 20.22
s 02 003692 06 09506 819.40572530 17.010 0.010 3 2 0 20.22
s 02 100103 08 06639 820.26673858 17.113 0.012 0 2 0 20.17
s 02 100103 08 06639 820.31051076 17.123 0.011 2 2 0 20.35
s 02 100103 08 06639 831.28233421 17.033 0.012 0 2 0 20.08
s 02 100103 08 06639 831.32647589 17.098 0.012 0 2 0 20.21
s 02 100103 08 06639 832.46366841 17.116 0.010 2 2 0 20.61
s 02 100103 08 06639 832.50956010 17.060 0.010 3 2 0 20.42
s 02 003692 06 09506 833.46914478 17.031 0.011 2 2 0 20.19
s 02 100103 08 06639 833.48752544 17.136 0.012 3 2 0 20.23
s 02 003692 06 09506 833.51210631 17.046 0.012 2 2 0 19.98
s 02 100103 08 06639 834.45022915 17.147 0.011 0 2 0 20.26
s 02 100103 08 06639 834.49626074 17.043 0.009 2 2 0 20.60
s 02 100103 08 06639 835.44888299 17.151 0.014 0 2 0 19.89
s 02 100103 08 06639 835.49263445 17.098 0.012 0 2 0 20.15
s 02 100103 08 06639 837.42399649 16.981 0.019 0 2 0 19.40
s 02 003692 06 09506 837.42637656 17.006 0.019 0 2 0 19.37
s 02 100103 08 06639 837.46734783 16.981 0.020 2 2 0 19.27
s 02 003692 06 09506 837.46984791 16.961 0.021 0 2 0 19.21
s 02 100103 08 06639 839.29363235 17.038 0.021 2 2 0 19.30
s 02 100103 08 06639 839.34403380 17.018 0.017 2 2 0 19.62
s 02 100103 08 06639 842.24448200 17.065 0.011 3 2 0 20.28
s 02 100103 08 06639 842.29123318 17.065 0.011 3 2 0 20.23
s 02 100103 08 06639 844.49364562 17.049 0.015 3 2 0 19.75
s 02 100103 08 06639 846.45492730 17.060 0.009 0 2 0 20.56
s 02 100103 08 06639 846.49884818 17.109 0.012 2 2 0 20.34
s 02 100103 08 06639 847.20030189 17.007 0.011 0 2 0 20.28
s 02 100103 08 06639 847.25673297 17.130 0.010 0 2 0 20.50
s 02 100103 08 06639 848.30330221 17.063 0.012 3 2 0 20.02
s 02 100103 08 06639 848.34737299 17.072 0.011 3 2 0 20.36
s 02 100103 08 06639 849.41749120 17.099 0.010 0 2 0 20.49
s 02 100103 08 06639 849.46045190 17.054 0.010 2 2 0 20.50
s 02 100103 08 06639 850.40073666 17.073 0.011 3 2 0 20.32
s 02 100103 08 06639 850.46277760 17.102 0.011 0 2 0 20.35
s 02 100103 08 06639 851.31001988 17.060 0.012 3 2 0 20.19
s 02 100103 08 06639 851.35358049 17.056 0.011 3 2 0 20.33
s 02 100103 08 06639 860.31665415 17.112 0.011 0 2 0 20.32
s 02 100103 08 06639 860.36053426 17.071 0.010 0 2 0 20.56
s 02 100103 08 06639 861.30699602 17.139 0.011 0 2 0 20.34
s 02 100103 08 06639 861.35731608 17.131 0.011 0 2 0 20.40
s 02 003692 06 09506 861.48569622 17.091 0.011 0 2 0 20.23
s 02 003692 06 09506 862.16902663 17.047 0.016 0 2 0 19.60
s 02 100103 08 06639 862.26803664 17.139 0.013 0 2 0 20.17
s 02 100103 08 06639 862.31120664 17.072 0.011 0 2 0 20.29
s 02 100103 08 06639 863.25452605 17.104 0.016 0 2 0 19.74
s 02 100103 08 06639 863.29986599 17.094 0.015 0 2 0 19.81
s 02 100103 08 06639 864.20172432 17.012 0.020 0 2 0 19.36
s 02 100103 08 06639 864.26338417 17.155 0.022 3 2 0 19.31
s 02 100103 08 06639 870.36518534 17.140 0.013 0 2 0 20.02
s 02 100103 08 06639 870.41490483 17.131 0.058 0 2 4 18.22
s 02 100103 08 06639 871.34858469 0.000 inf 0 0 0 25.93
s 02 003692 06 09506 871.37576438 17.110 0.017 0 2 4 20.17
s 02 100103 08 06639 871.41226396 17.181 0.012 0 2 0 20.34
s 02 003692 06 09506 871.42196385 17.107 0.012 0 2 0 20.22
s 02 100103 08 06639 872.37223233 17.091 0.014 3 2 0 19.91
s 02 100103 08 06639 874.27303591 17.105 0.010 0 2 0 20.64
s 02 100103 08 06639 874.31728524 17.061 0.009 2 2 0 20.69
s 02 100103 08 06639 875.38651835 17.082 0.010 2 2 0 20.52
s 02 003692 06 09506 875.39100828 17.085 0.011 0 2 0 20.30
s 02 003692 06 09506 875.43564754 17.138 0.012 3 2 0 20.17
s 02 100103 08 06639 876.31002263 17.075 0.009 0 2 0 20.81
s 02 100103 08 06639 876.36521165 17.163 0.010 3 2 0 20.47
s 02 100103 08 06639 877.32537413 17.150 0.010 2 2 0 20.50
s 02 100103 08 06639 877.36924330 17.162 0.013 3 2 0 20.06
s 02 100103 08 06639 879.39319257 17.171 0.011 2 2 0 20.32
s 02 100103 08 06639 889.30202281 17.151 0.012 3 2 0 20.28
s 02 100103 08 06639 889.34517139 17.115 0.010 3 2 0 20.68
s 02 100103 08 06639 932.20544856 17.140 0.011 3 2 0 20.34
s 02 100103 08 06639 932.25024548 17.155 0.011 3 2 0 20.35
s 02 100103 08 06639 933.17185178 17.064 0.010 0 2 0 20.44
s 02 100103 08 06639 933.21591872 17.077 0.010 0 194 0 20.67
s 02 100103 08 06639 934.17353210 17.004 0.011 0 2 0 20.40
s 02 100103 08 06639 934.21890893 17.071 0.009 0 2 0 20.64
s 02 100103 08 06639 936.17095183 17.052 0.011 0 2 0 20.36
s 02 100103 08 06639 936.21415878 17.054 0.010 0 194 0 20.58
s 02 100103 08 06639 937.16950109 17.065 0.012 3 2 0 20.20
s 02 100103 08 06639 937.21326798 17.055 0.009 0 2 0 20.75
s 02 100103 08 06639 938.16836994 17.064 0.014 0 2 4 20.39
s 02 100103 08 06639 938.21139687 17.065 0.012 0 2 0 20.74
s 02 100103 08 06639 939.16764840 17.082 0.011 0 2 0 20.31
s 02 100103 08 06639 939.27807047 17.142 0.011 0 194 0 20.50
s 02 100103 08 06639 940.18775501 17.131 0.011 0 2 0 20.59
s 02 100103 08 06639 940.23781140 17.105 0.012 0 194 0 20.57
s 02 100103 08 06639 942.16516182 17.080 0.012 0 2 0 20.32
s 02 100103 08 06639 942.20860867 17.108 0.010 0 2 0 20.60
s 02 100103 08 06639 943.16504899 17.157 0.031 0 2 4 20.32
s 02 100103 08 06639 943.20917577 17.150 0.030 0 194 4 20.64
s 02 100103 08 06639 947.16269546 17.159 0.015 0 2 0 19.93
s 02 100103 08 06639 947.20771214 17.147 0.013 2 2 0 20.15
s 02 100103 08 06639 948.16097168 17.128 0.014 0 2 0 19.97
s 02 100103 08 06639 948.20463845 17.162 0.013 0 2 0 20.17
s 02 100103 08 06639 949.16967698 17.213 0.016 0 2 0 19.83
s 02 100103 08 06639 949.21637352 17.158 0.016 2 2 0 19.85
s 02 100103 08 06639 950.15974353 17.148 0.022 3 2 0 19.29
s 02 100103 08 06639 950.20369027 17.199 0.015 0 2 0 19.96
s 02 100103 08 06639 951.15684945 17.178 0.017 0 2 0 19.86
s 02 100103 08 06639 951.20009623 17.178 0.015 0 2 0 19.91
s 02 100103 08 06639 952.15616511 17.163 0.017 0 2 0 19.83
s 02 100103 08 06639 952.19981187 17.151 0.017 0 2 0 19.84
s 02 100103 08 06639 957.15201287 17.143 0.013 0 2 0 20.08
s 02 100103 08 06639 957.19507966 17.078 0.013 0 2 0 20.04
s 02 100103 08 06639 958.15007852 17.174 0.013 0 2 0 20.27
s 02 100103 08 06639 958.19299532 17.141 0.012 0 2 0 20.25
s 02 100103 08 06639 959.15091401 17.175 0.011 0 194 0 20.42
s 02 100103 08 06639 959.19426079 17.159 0.012 0 194 0 20.31
s 02 100103 08 06639 960.14965973 17.169 0.011 0 2 0 20.37
s 02 100103 08 06639 960.24747246 17.076 0.012 0 194 0 20.11
s 02 100103 08 06639 961.17677343 17.110 0.012 3 2 0 20.13
s 02 100103 08 06639 961.22019021 17.160 0.013 3 2 0 20.18
s 02 100103 08 06639 962.14873134 17.146 0.012 0 2 0 20.37
s 02 100103 08 06639 962.19246810 17.125 0.011 0 2 0 20.41
s 02 100103 08 06639 977.13062829 17.156 0.019 0 2 4 19.75
s 02 100103 08 06639 977.17394527 17.133 0.017 0 2 0 19.76
s 02 100103 08 06639 979.12881006 17.170 0.017 0 2 0 19.80
s 02 100103 08 06639 979.17202709 17.109 0.015 0 2 0 19.86
s 02 100103 08 06639 980.12783168 17.096 0.016 0 2 0 19.79
s 02 100103 08 06639 980.17102874 17.082 0.014 0 194 0 19.80
s 02 100103 08 06639 981.12712381 17.077 0.016 0 2 0 19.82
s 02 100103 08 06639 981.17077086 17.093 0.015 0 2 0 19.82
s 02 100103 08 06639 985.12166805 17.116 0.024 0 2 0 19.28
s 02 100103 08 06639 985.16429526 17.237 0.094 0 2 4 17.88
s 02 100103 08 06639 987.12253852 17.137 0.015 0 2 0 19.87
s 02 100103 08 06639 988.12128483 17.190 0.014 0 2 0 20.11
s 02 100103 08 06639 988.16425211 17.217 0.016 0 2 0 19.86
s 02 100103 08 06639 990.11998939 17.160 0.013 0 194 0 20.09
s 02 100103 08 06639 990.16287673 17.181 0.013 0 2 0 20.19
s 02 100103 08 06639 991.11634790 17.128 0.016 0 194 0 19.87
s 02 100103 08 06639 991.16066518 17.120 0.013 0 2 0 20.09
s 02 100103 08 06639 992.11507698 17.129 0.016 0 2 0 19.84
s 02 100103 08 06639 992.15776439 17.180 0.013 0 2 0 20.10
s 02 130054 08 04882 1246.23333761 17.198 0.017 0 2 0 19.62
s 02 130054 08 04882 1246.26512687 17.266 0.019 0 2 0 19.58
s 02 130054 08 04882 1246.29497617 17.227 0.019 0 2 0 19.52
s 02 130054 08 04882 1250.29705339 17.281 0.035 0 2 0 18.77
s 02 130054 08 04882 1250.32662256 17.215 0.029 0 2 0 18.88
s 02 130054 08 04882 1250.35660172 17.196 0.030 0 2 0 18.87
s 02 130054 08 04882 1254.20034519 17.193 0.011 0 2 0 20.36
s 02 130054 08 04882 1254.28950229 17.202 0.013 0 2 0 20.04
s 02 130054 08 04882 1254.32151124 17.221 0.014 0 2 0 20.05
s 02 130054 08 04882 1256.33066337 17.180 0.011 0 2 0 20.23
s 02 130054 08 04882 1256.36916203 17.224 0.012 0 2 0 20.14
s 02 130054 08 04882 1256.39824101 17.231 0.012 0 2 0 20.08
s 02 130054 08 04882 1258.36749999 17.244 0.012 0 2 0 20.35
s 02 130054 08 04882 1258.41519822 17.189 0.012 0 2 0 20.13
s 02 130054 08 04882 1258.44340717 17.312 0.015 0 2 0 19.81
s 02 130054 08 04882 1260.37821311 17.167 0.010 0 2 0 20.50
s 02 130054 08 04882 1260.40813194 17.205 0.011 0 194 0 20.34
s 02 130054 08 04882 1260.43890072 17.276 0.013 0 2 0 20.09
s 02 130054 08 04882 1263.40483927 17.172 0.013 2 2 0 20.02
s 02 130054 08 04882 1263.43437802 17.259 0.017 0 2 0 19.77
s 02 130054 08 04882 1263.46592667 17.160 0.022 3 2 0 19.25
s 02 130054 08 04882 1265.37620350 17.185 0.011 0 2 0 20.31
s 02 130054 08 04882 1265.40506222 17.116 0.011 0 2 0 20.28
s 02 130054 08 04882 1265.43504088 17.225 0.014 3 2 0 19.98
s 02 130054 08 04882 1267.39470163 17.170 0.011 0 2 0 20.43
s 02 130054 08 04882 1267.42797008 17.295 0.013 0 2 0 20.21
s 02 130054 08 04882 1268.31780828 17.096 0.010 2 2 0 20.39
s 02 130054 08 04882 1268.34764686 17.201 0.011 2 2 0 20.35
s 02 130054 08 04882 1268.38242521 17.206 0.011 0 2 0 20.26
s 02 130054 08 04882 1270.31459171 17.108 0.011 0 2 0 20.17
s 02 130054 08 04882 1270.34389026 17.188 0.013 0 2 0 20.05
s 02 130054 08 04882 1270.37368879 17.196 0.013 0 2 0 20.07
s 02 130054 08 04882 1272.30603168 17.154 0.011 0 2 0 20.28
s 02 130054 08 04882 1272.35389923 17.141 0.012 2 2 0 20.17
s 02 130054 08 04882 1272.38336772 17.150 0.013 2 2 0 20.00
s 02 130054 08 04882 1274.30414770 17.133 0.013 0 194 0 20.02
s 02 130054 08 04882 1274.34342562 17.191 0.011 0 2 0 20.41
s 02 130054 08 04882 1274.37340403 17.177 0.011 0 2 0 20.29
s 02 130054 08 04882 1276.29966037 17.138 0.017 0 2 0 19.55
s 02 130054 08 04882 1276.32934875 17.197 0.018 0 2 0 19.59
s 02 130054 08 04882 1276.35936711 17.192 0.018 0 2 0 19.56
s 02 130054 08 04882 1280.23692882 17.218 0.022 0 2 0 19.29
s 02 130054 08 04882 1280.26707708 17.208 0.020 0 2 0 19.36
s 02 130054 08 04882 1285.34680324 17.174 0.015 0 2 0 19.80
s 02 130054 08 04882 1285.37858128 17.124 0.016 0 2 0 19.60
s 02 130054 08 04882 1287.29728161 17.230 0.014 2 2 0 19.95
s 02 130054 08 04882 1287.34437864 17.266 0.178 0 2 4 17.94
s 02 130054 08 04882 1287.38643599 17.273 0.074 0 2 4 17.94
s 02 130054 08 04882 1291.33039215 17.184 0.012 0 2 0 20.29
s 02 130054 08 04882 1291.35936025 17.123 0.012 0 2 0 20.05
s 02 130054 08 04882 1292.27541989 17.145 0.010 0 2 0 20.40
s 02 130054 08 04882 1292.31282742 17.161 0.012 2 2 0 20.18
s 02 130054 08 04882 1292.35498463 17.133 0.014 3 2 0 19.88
s 02 130054 08 04882 1297.30845001 17.204 0.012 0 2 0 20.21
s 02 130054 08 04882 1297.33803797 17.178 0.014 0 2 0 19.98
s 02 130054 08 04882 1297.36749594 17.255 0.018 0 2 0 19.68
s 02 130054 08 04882 1301.28839250 17.202 0.012 0 2 0 20.27
s 02 130054 08 04882 1301.31844038 17.205 0.013 2 2 0 20.12
s 02 130054 08 04882 1301.34877824 17.238 0.015 2 2 0 19.90
s 02 130054 08 04882 1304.28670920 17.189 0.014 0 2 0 19.83
s 02 130054 08 04882 1304.31621708 17.206 0.015 0 2 0 19.79
s 02 130054 08 04882 1304.34578496 17.294 0.018 2 2 0 19.65
s 02 003692 06 09506 1492.48108434 17.116 0.012 2 2 0 24.02
s 02 003692 06 09506 1492.51744709 17.090 0.013 3 2 0 24.02
s 02 003692 06 09506 1492.55540996 17.126 0.011 0 2 0 24.02
s 02 003692 06 09506 1495.47158142 17.040 0.011 2 2 0 24.02
s 02 003692 06 09506 1495.50793419 17.115 0.012 3 2 0 24.02
s 02 003692 06 09506 1495.54427696 17.156 0.011 2 2 0 24.02
s 02 003692 06 09506 1496.47131764 17.130 0.010 2 2 0 24.02
s 02 003692 06 09506 1496.50813045 17.094 0.010 2 2 0 24.02
s 02 003692 06 09506 1496.54541330 17.169 0.010 0 2 0 24.02
s 02 003692 06 09506 1497.46722368 17.105 0.011 3 2 0 24.02
s 02 003692 06 09506 1497.50445653 17.090 0.010 3 2 0 24.02
s 02 003692 06 09506 1497.54104932 17.104 0.011 3 2 0 24.02
s 02 003692 06 09506 1498.46428991 17.106 0.010 0 2 0 24.02
s 02 003692 06 09506 1498.50062268 17.079 0.010 0 2 0 24.02
s 02 003692 06 09506 1498.53814555 17.147 0.010 0 2 0 24.02
s 02 003692 06 09506 1503.45112161 17.113 0.012 3 2 0 24.02
s 02 003692 06 09506 1503.48802444 17.084 0.011 3 2 0 24.02
s 02 003692 06 09506 1503.52513727 17.129 0.011 3 2 0 24.02
s 02 003692 06 09506 1504.44897792 17.147 0.011 0 2 0 24.02
s 02 003692 06 09506 1504.48808090 17.113 0.011 2 2 0 24.02
s 02 003692 06 09506 1504.52681386 17.186 0.012 3 2 0 24.02
s 02 003692 06 09506 1505.45078444 17.100 0.011 3 2 0 24.02
s 02 003692 06 09506 1505.49788803 17.106 0.010 0 2 0 24.02
s 02 003692 06 09506 1505.53462084 17.114 0.011 3 2 0 24.02
s 02 003692 06 09506 1506.45759123 17.041 0.025 3 2 4 24.02
s 02 003692 06 09506 1506.49364398 17.075 0.015 3 2 0 24.02
s 02 003692 06 09506 1506.53092682 17.088 0.015 3 2 0 24.02
s 02 003692 06 09506 1508.45107287 17.095 0.011 0 2 0 24.02
s 02 003692 06 09506 1508.48070512 17.107 0.011 2 2 0 24.02
s 02 003692 06 09506 1508.51481771 17.166 0.011 2 2 0 24.02
s 02 003692 06 09506 1509.44301808 17.106 0.011 3 2 0 24.02
s 02 003692 06 09506 1509.47301035 17.133 0.010 3 2 0 24.02
s 02 003692 06 09506 1509.50302262 17.148 0.010 2 2 0 24.02
s 02 003692 06 09506 1522.41548537 17.074 0.023 0 2 0 24.02
s 02 003692 06 09506 1522.44478746 17.125 0.042 0 2 4 24.02
s 02 003692 06 09506 1522.47441957 17.195 0.013 0 2 0 24.02
s 02 003692 06 09506 1524.46804064 17.171 0.014 0 2 0 24.02
s 02 003692 06 09506 1524.49740270 17.057 0.026 0 2 0 24.02
s 02 003692 06 09506 1530.43388971 12.755 0.003 6 258 8 20.34
s 02 003692 06 09506 1530.46290165 12.709 0.003 6 258 8 20.23
s 02 003692 06 09506 1530.49230361 12.742 0.003 6 258 8 20.30
s 02 003692 06 09506 1531.43246605 13.033 0.004 7 258 8 20.31
s 02 003692 06 09506 1531.46196800 13.035 0.003 7 258 8 20.29
s 02 003692 06 09506 1531.49225000 13.078 0.003 6 258 8 20.37
s 02 003692 06 09506 1533.51351213 12.352 0.003 7 258 8 20.41
s 02 003692 06 09506 1533.51466221 12.349 0.003 7 258 8 20.39
s 02 003692 06 09506 1533.51583228 12.306 0.003 7 258 8 20.44
s 02 003692 06 09506 1533.51698236 12.345 0.004 6 258 8 20.45
s 02 003692 06 09506 1535.40691327 12.206 0.023 4 258 12 19.38
s 02 003692 06 09506 1535.43610512 12.344 0.008 6 258 8 19.68
s 02 003692 06 09506 1536.41831689 12.558 0.003 7 258 8 20.30
s 02 003692 06 09506 1537.43039977 12.672 0.003 6 258 8 20.43
s 02 003692 06 09506 1537.46054163 12.624 0.003 6 258 8 20.43
s 02 003692 06 09506 1537.48983344 12.627 0.004 6 258 8 20.34
s 02 003692 06 09506 1538.44394193 12.571 0.003 6 258 8 19.92
s 02 003692 06 09506 1538.47297370 12.689 0.004 6 258 8 20.26
s 02 003692 06 09506 1538.50223548 12.425 0.007 6 258 8 19.44
s 02 003692 06 09506 1540.43718175 12.745 0.009 6 258 8 19.26
s 02 003692 06 09506 1540.46637349 12.568 0.008 2 2 8 19.03
s 02 003692 06 09506 1540.49544521 12.691 0.011 2 2 12 18.73
s 02 003692 06 09506 1541.39685827 12.711 0.004 7 258 8 24.02
s 02 003692 06 09506 1541.44167089 12.867 0.003 7 258 8 24.02
s 02 003692 06 09506 1541.47159264 12.832 0.003 7 258 8 24.02
s 02 003692 06 09506 1542.40917703 12.880 0.003 7 258 8 19.82
s 02 003692 06 09506 1542.43923876 12.856 0.004 6 258 8 19.92
s 02 003692 06 09506 1542.46910048 12.961 0.004 6 258 8 20.26
s 02 003692 06 09506 1543.40561400 13.054 0.003 6 258 8 20.18
s 02 003692 06 09506 1543.43513568 13.086 0.003 6 258 8 20.16
s 02 003692 06 09506 1543.46484736 12.984 0.004 6 258 8 20.10
s 02 003692 06 09506 1544.40772042 13.045 0.004 6 258 8 19.93
s 02 003692 06 09506 1544.43706205 13.139 0.003 6 258 8 20.05
s 02 003692 06 09506 1544.46641369 13.113 0.004 6 258 8 20.00
s 02 003692 06 09506 1550.38113747 14.645 0.005 2 2 0 19.88
s 02 003692 06 09506 1550.41120898 14.883 0.005 3 2 0 19.78
s 02 003692 06 09506 1553.46722772 15.393 0.005 2 2 0 20.12
s 02 003692 06 09506 1553.49708913 15.716 0.008 0 2 0 19.59
s 02 003692 06 09506 1553.52664052 15.872 0.007 0 2 0 19.75
s 02 003692 06 09506 1554.42798252 13.907 0.008 2 2 8 20.04
s 02 003692 06 09506 1554.45727387 13.822 0.009 0 2 8 19.29
s 02 003692 06 09506 1554.48730526 13.694 0.013 0 2 12 18.74
s 02 003692 06 09506 1555.45590939 14.163 0.004 3 2 8 20.24
s 02 003692 06 09506 1555.48547072 14.174 0.004 3 2 8 20.27
s 02 003692 06 09506 1555.51565208 14.166 0.003 3 2 8 20.20
s 02 003692 06 09506 1556.47814490 15.201 0.005 3 2 0 20.37
s 02 003692 06 09506 1556.50706618 15.239 0.005 3 2 0 20.26
s 02 003692 06 09506 1557.43591654 16.036 0.007 3 2 0 19.89
s 02 003692 06 09506 1557.46610783 16.022 0.007 2 2 0 20.29
s 02 003692 06 09506 1557.49539909 16.063 0.007 3 2 0 20.12
s 02 003692 06 09506 1558.42421846 15.889 0.007 3 2 0 19.86
s 02 003692 06 09506 1558.45392970 16.141 0.009 3 2 0 19.66
s 02 003692 06 09506 1560.36150754 16.267 0.008 3 2 0 19.89
s 02 003692 06 09506 1560.39075870 15.880 0.006 3 2 0 19.95
s 02 003692 06 09506 1560.42080989 16.048 0.006 3 2 0 20.06
s 02 003692 06 09506 1562.33436378 16.329 0.008 2 2 0 20.43
s 02 003692 06 09506 1562.36419490 16.335 0.012 2 2 0 19.96
s 02 003692 06 09506 1563.29246922 16.179 0.006 3 2 0 20.27
s 02 003692 06 09506 1564.33258650 16.304 0.007 3 2 0 20.12
s 02 003692 06 09506 1564.36204754 16.293 0.006 3 2 0 20.42
s 02 003692 06 09506 1564.39214860 15.928 0.005 3 2 0 20.38
s 02 003692 06 09506 1567.46824130 14.979 0.005 3 2 0 20.25
s 02 003692 06 09506 1567.49825224 15.049 0.004 3 2 0 20.29
s 02 003692 06 09506 1568.33053809 16.120 0.007 2 2 0 20.18
s 02 003692 06 09506 1568.35961898 16.160 0.006 3 2 0 20.20
s 02 003692 06 09506 1568.38884987 16.314 0.007 3 2 0 20.30
s 02 003692 06 09506 1569.34227840 16.419 0.007 3 2 0 20.17
s 02 003692 06 09506 1569.37141925 16.629 0.008 3 2 0 20.20
s 02 003692 06 09506 1569.40118013 16.579 0.008 3 2 0 20.27
s 02 003692 06 09506 1570.34513723 16.672 0.009 3 2 0 20.05
s 02 003692 06 09506 1570.37493807 16.556 0.008 0 2 0 20.18
s 02 003692 06 09506 1570.40736898 16.614 0.008 2 2 0 20.16
s 02 003692 06 09506 1571.33274445 16.724 0.009 0 2 0 20.18
s 02 003692 06 09506 1571.36267526 16.735 0.009 0 2 0 20.05
s 02 003692 06 09506 1571.39203605 16.425 0.007 2 2 0 20.24
s 02 003692 06 09506 1572.33594089 16.318 0.007 0 2 0 20.21
s 02 003692 06 09506 1572.36491163 16.654 0.008 0 2 0 20.17
s 02 003692 06 09506 1572.39454239 16.670 0.009 0 2 0 20.21
s 02 003692 06 09506 1573.34578626 16.759 0.011 0 2 0 19.80
s 02 003692 06 09506 1573.37581700 16.681 0.011 0 2 0 19.84
s 02 003692 06 09506 1573.40493771 16.727 0.012 0 2 0 19.75
s 02 003692 06 09506 1580.25129616 16.810 0.009 2 2 0 20.35
s 02 003692 06 09506 1580.28085664 16.630 0.008 2 2 0 20.35
s 02 003692 06 09506 1580.31080711 16.840 0.010 2 2 0 20.09
s 02 003692 06 09506 1581.26662173 16.790 0.009 3 2 0 20.31
s 02 003692 06 09506 1581.29590216 16.775 0.009 3 2 0 20.33
s 02 003692 06 09506 1581.32517259 16.812 0.010 3 2 0 20.12
s 02 003692 06 09506 1582.24334548 16.534 0.008 3 2 0 20.20
s 02 003692 06 09506 1582.27253587 16.876 0.009 2 2 0 20.42
s 02 003692 06 09506 1582.30211627 16.798 0.009 3 2 0 20.34
s 02 003692 06 09506 1583.25302843 16.838 0.010 3 2 0 20.08
s 02 003692 06 09506 1583.30081901 16.734 0.009 3 2 0 20.28
s 02 003692 06 09506 1583.33528943 16.842 0.009 3 2 0 20.33
s 02 003692 06 09506 1584.23698981 16.881 0.014 0 2 0 20.15
s 02 003692 06 09506 1584.27175019 16.903 0.010 0 2 0 20.30
s 02 003692 06 09506 1584.30205052 16.821 0.024 0 2 4 19.75
s 02 003692 06 09506 1585.23285008 16.821 0.010 3 2 0 20.08
s 02 003692 06 09506 1585.26329038 16.877 0.010 3 2 0 20.26
s 02 003692 06 09506 1585.30161075 16.862 0.009 3 2 0 20.35
s 02 003692 06 09506 1590.34340295 16.873 0.009 0 2 0 20.45
s 02 003692 06 09506 1590.39672312 16.774 0.008 2 2 0 20.39
s 02 003692 06 09506 1590.42648321 16.847 0.010 3 2 0 20.21
s 02 003692 06 09506 1591.32900547 16.952 0.009 2 2 0 24.02
s 02 003692 06 09506 1591.35861552 16.857 0.009 3 2 0 24.02
s 02 003692 06 09506 1591.38904558 16.936 0.009 2 2 0 24.02
s 02 003692 06 09506 1592.29076672 16.866 0.009 0 2 0 20.55
s 02 003692 06 09506 1592.32041674 16.865 0.008 0 2 0 20.57
s 02 003692 06 09506 1592.35333676 16.769 0.008 2 2 0 20.50
s 02 003692 06 09506 1593.25526680 16.866 0.009 0 2 0 24.02
s 02 003692 06 09506 1593.29901677 16.873 0.008 2 2 0 24.02
s 02 003692 06 09506 1593.33238675 16.864 0.008 0 2 0 24.02
s 02 003692 06 09506 1594.23508566 16.858 0.009 3 2 0 24.02
s 02 003692 06 09506 1594.27568559 16.908 0.009 0 2 0 24.02
s 02 003692 06 09506 1594.31558551 16.865 0.009 2 2 0 24.02
s 02 003692 06 09506 1595.21775329 16.923 0.011 0 2 0 24.02
s 02 003692 06 09506 1595.25736317 16.861 0.009 3 2 0 24.02
s 02 003692 06 09506 1595.29879304 16.956 0.010 3 2 0 24.02
s 02 003692 06 09506 1596.20036970 16.939 0.012 3 2 0 24.02
s 02 003692 06 09506 1596.30298925 16.888 0.009 3 2 0 24.02
s 02 003692 06 09506 1596.34167908 16.944 0.010 3 2 0 24.02
s 02 003692 06 09506 1597.30781418 16.978 0.055 0 2 4 24.02
s 02 003692 06 09506 1597.35624390 16.987 0.018 0 2 4 24.02
s 02 003692 06 09506 1599.34542998 16.887 0.010 3 2 0 24.02
s 02 003692 06 09506 1599.39675955 16.972 0.010 3 2 0 24.02
s 02 003692 06 09506 1599.42666930 16.842 0.009 2 2 0 24.02
s 02 003692 06 09506 1600.32794126 17.032 0.011 0 2 0 24.02
s 02 003692 06 09506 1600.36126094 16.969 0.011 2 2 0 24.02
s 02 003692 06 09506 1600.39735060 16.950 0.010 0 2 0 24.02
s 02 003692 06 09506 1601.29895145 16.921 0.011 0 2 0 24.02
s 02 003692 06 09506 1601.33116111 16.875 0.011 0 2 0 24.02
s 02 003692 06 09506 1601.36389075 16.996 0.011 0 2 0 24.02
s 02 003692 06 09506 1602.26680050 16.904 0.012 0 2 0 24.02
s 02 003692 06 09506 1602.29621015 16.911 0.012 0 2 0 24.02
s 02 003692 06 09506 1602.33002975 16.887 0.012 2 2 0 24.02
s 02 003692 06 09506 1608.33691535 16.926 0.013 0 2 0 19.93
s 02 003692 06 09506 1608.37142468 17.002 0.013 0 2 0 19.79
s 02 003692 06 09506 1609.34848510 16.945 0.014 2 2 0 19.74
s 02 003692 06 09506 1609.41168379 17.012 0.014 3 2 0 19.80
s 02 003692 06 09506 1610.31439460 16.903 0.010 0 2 0 24.02
s 02 003692 06 09506 1610.42694214 17.037 0.012 2 2 0 24.02
s 02 003692 06 09506 1611.33268178 16.992 0.009 0 2 0 24.02
s 02 003692 06 09506 1611.39884025 16.852 0.010 0 2 0 24.02
s 02 003692 06 09506 1612.30091892 17.041 0.010 0 2 0 20.31
s 02 003692 06 09506 1612.33520809 17.005 0.011 0 2 0 20.28
s 02 003692 06 09506 1614.19829089 17.040 0.009 0 2 0 20.57
s 02 003692 06 09506 1614.27012898 16.984 0.009 0 2 0 20.58
s 02 003692 06 09506 1615.27713168 17.049 0.009 0 2 0 20.69
s 02 003692 06 09506 1616.18939592 16.976 0.010 0 2 0 20.32
s 02 003692 06 09506 1616.27312350 16.908 0.009 2 2 0 20.51
s 02 003692 06 09506 1617.17947686 16.976 0.010 0 2 0 20.39
s 02 003692 06 09506 1617.26203439 17.030 0.009 0 2 0 20.63
s 02 003692 06 09506 1618.18452621 17.035 0.010 2 2 0 24.02
s 02 003692 06 09506 1618.26957357 17.008 0.009 2 2 0 24.02
s 02 003692 06 09506 1619.17739480 17.009 0.010 0 2 0 24.02
s 02 003692 06 09506 1619.26290204 17.011 0.009 0 2 0 24.02
s 02 003692 06 09506 1620.17773201 17.013 0.010 0 2 0 20.39
s 02 003692 06 09506 1620.26309916 17.053 0.009 0 2 0 20.57
s 02 003692 06 09506 1621.17797811 17.072 0.011 0 2 0 20.23
s 02 003692 06 09506 1621.26346516 17.060 0.010 0 2 0 20.40
s 02 003692 06 09506 1622.17852308 16.992 0.012 3 2 0 24.02
s 02 003692 06 09506 1622.26240009 17.027 0.010 2 2 0 24.02
s 02 003692 06 09506 1623.17873696 17.024 0.010 0 2 0 24.02
s 02 003692 06 09506 1623.24325459 16.935 0.009 0 2 0 24.02
s 02 003692 06 09506 1624.19101929 17.021 0.010 0 2 0 20.43
s 02 003692 06 09506 1624.25617682 17.009 0.009 2 2 0 20.55
s 02 003692 06 09506 1625.24591885 16.975 0.010 0 2 0 20.43
s 02 003692 06 09506 1626.18700178 17.057 0.010 0 2 0 24.02
s 02 003692 06 09506 1626.24802934 16.995 0.010 2 2 0 24.02
s 02 003692 06 09506 1627.18004164 17.051 0.012 2 2 0 24.02
s 02 003692 06 09506 1628.19199968 16.995 0.011 2 2 0 20.12
s 02 003692 06 09506 1628.24741735 17.010 0.010 0 2 0 20.33
s 02 003692 06 09506 1629.18025769 17.044 0.012 0 2 0 24.02
s 02 003692 06 09506 1629.23442536 16.961 0.010 0 2 0 24.02
s 02 003692 06 09506 1630.18903379 16.989 0.012 0 2 0 20.03
s 02 003692 06 09506 1630.24117149 16.986 0.012 2 2 0 20.01
s 02 003692 06 09506 1631.18027966 17.052 0.014 0 2 0 19.85
s 02 003692 06 09506 1631.22915746 16.950 0.012 0 2 0 20.01
s 02 003692 06 09506 1637.18401192 16.977 0.010 0 2 0 24.02
s 02 003692 06 09506 1637.22009009 17.012 0.010 0 2 0 24.02
s 02 003692 06 09506 1639.18567850 17.033 0.013 2 2 0 24.02
s 02 003692 06 09506 1639.22235657 16.963 0.012 0 2 0 24.02
s 02 003692 06 09506 1640.18964527 17.016 0.011 2 2 0 24.02
s 02 003692 06 09506 1640.22674329 17.025 0.011 2 2 0 24.02
s 02 003692 06 09506 1641.19443112 17.020 0.010 0 2 0 24.02
s 02 003692 06 09506 1641.23090914 17.067 0.012 0 2 0 24.02
s 02 003692 06 09506 1642.18161707 17.046 0.012 0 2 0 24.02
s 02 003692 06 09506 1642.22121489 17.038 0.013 0 2 0 24.02
s 02 003692 06 09506 1643.27353633 17.100 0.013 0 2 0 24.02
s 02 003692 06 09506 1643.31007428 17.106 0.013 0 2 0 24.02
s 02 003692 06 09506 1644.21384323 17.045 0.028 0 2 4 24.02
s 02 003692 06 09506 1644.25032115 17.127 0.070 0 2 4 24.02
s 02 003692 06 09506 1645.21232605 17.064 0.013 0 2 0 20.24
s 02 003692 06 09506 1645.24927392 17.062 0.014 0 2 0 20.27
s 02 003692 06 09506 1653.20451123 18.099 0.275 0 2 4 18.35
s 02 003692 06 09506 1653.28290625 17.111 0.012 0 2 0 20.31
s 02 003692 06 09506 1654.20226758 17.077 0.010 0 2 0 20.41
s 02 003692 06 09506 1654.23903522 17.089 0.010 0 2 0 20.49
s 02 003692 06 09506 1655.20318309 17.126 0.016 0 2 4 20.34
s 02 003692 06 09506 1655.23945074 17.079 0.016 0 2 4 20.41
s 02 003692 06 09506 1657.26646824 17.001 0.011 0 2 0 20.19
s 02 003692 06 09506 1657.30358579 17.047 0.011 0 2 0 20.26
s 02 003692 06 09506 1658.26015240 17.055 0.013 0 2 0 24.02
s 02 003692 06 09506 1658.29714994 17.014 0.012 0 2 0 24.02
s 02 003692 06 09506 1727.11352443 17.056 0.013 2 2 0 20.01
s 02 003692 06 09506 1727.13270333 17.115 0.013 2 2 0 20.11
s 02 003692 06 09506 1728.11203781 17.072 0.014 0 2 0 19.87
s 02 003692 06 09506 1728.13082675 17.132 0.013 0 2 0 20.19
s 02 003692 06 09506 1729.11043203 17.066 0.013 2 2 0 24.02
s 02 003692 06 09506 1729.19053760 17.116 0.018 3 2 0 24.02
s 02 003692 06 09506 1731.10816301 16.975 0.013 0 2 0 19.92
s 02 003692 06 09506 1731.14807086 17.081 0.013 2 2 0 20.01
s 02 003692 06 09506 1843.51945906 17.122 0.024 0 2 0 24.02
s 02 003692 06 09506 1843.54470084 17.096 0.021 0 2 4 24.02
s 02 003692 06 09506 1851.50727663 17.071 0.012 0 2 0 24.02
s 02 003692 06 09506 1853.51227560 17.060 0.011 2 2 0 24.02
s 02 003692 06 09506 1853.53743748 17.082 0.011 0 2 0 24.02
s 02 003692 06 09506 1864.46201561 17.090 0.017 3 2 0 24.02
s 02 003692 06 09506 1865.45998196 17.113 0.012 3 2 0 24.02
s 02 003692 06 09506 1865.48714404 17.072 0.011 2 2 0 24.02
s 02 003692 06 09506 1874.43592668 17.081 0.016 0 2 0 24.02
s 02 003692 06 09506 1874.46796911 17.118 0.020 0 2 0 24.02
s 02 003692 06 09506 1880.42068594 17.093 0.011 2 2 0 24.02
s 02 003692 06 09506 1880.44569780 17.166 0.011 0 2 0 24.02
s 02 003692 06 09506 1889.39599664 17.181 0.020 3 2 0 24.02
s 02 003692 06 09506 1889.42134842 17.152 0.020 3 2 0 24.02
s 02 003692 06 09506 1895.38011802 17.108 0.013 0 2 0 19.96
s 02 003692 06 09506 1895.40534971 17.123 0.013 0 2 0 19.96
s 02 003692 06 09506 1902.36163848 17.157 0.050 0 2 0 18.30
s 02 003692 06 09506 1902.38775010 17.201 0.033 0 2 0 18.90
s 02 100103 08 06639 1903.34907930 17.173 0.023 0 2 0 19.33
s 02 003692 06 09506 1903.36102003 17.144 0.022 0 2 0 24.02
s 02 100103 08 06639 1903.38242134 17.100 0.019 0 2 0 19.47
s 02 003692 06 09506 1903.38647159 17.132 0.020 0 2 0 24.02
s 02 100103 08 06639 1907.51562727 17.193 0.021 0 2 0 24.02
s 02 100103 08 06639 1908.49623351 17.121 0.016 3 2 0 19.97
s 02 100103 08 06639 1908.52941540 17.526 0.233 0 2 4 17.20
s 02 100103 08 06639 1909.48790953 17.109 0.010 0 2 0 24.02
s 02 003692 06 09506 1909.49476991 17.101 0.011 0 2 0 20.33
s 02 003692 06 09506 1909.51937129 17.127 0.011 0 2 0 20.33
s 02 100103 08 06639 1909.52519162 17.123 0.010 0 2 0 24.02
s 02 100103 08 06639 1913.32893810 17.171 0.011 0 2 0 20.41
s 02 100103 08 06639 1913.36202983 17.142 0.011 0 2 0 20.43
s 02 100103 08 06639 1914.33880063 17.130 0.099 0 2 4 24.02
s 02 100103 08 06639 1914.37180234 17.239 0.035 0 2 4 24.02
s 02 100103 08 06639 1915.50309998 17.125 0.010 2 2 0 20.51
s 02 003692 06 09506 1915.51736070 17.086 0.011 3 2 0 20.31
s 02 100103 08 06639 1920.32386121 17.179 0.011 0 2 0 20.30
s 02 100103 08 06639 1920.35742273 17.180 0.012 3 2 0 20.29
s 02 003692 06 09506 1920.44629677 17.168 0.011 3 2 0 20.32
s 02 003692 06 09506 1920.52501033 17.192 0.012 3 2 0 20.11
s 02 100103 08 06639 1921.47500286 17.125 0.011 2 2 0 24.02
s 02 100103 08 06639 1921.50780431 17.104 0.011 2 2 0 24.02
s 02 100103 08 06639 1922.42648448 17.109 0.012 3 2 0 20.17
s 02 100103 08 06639 1922.46145599 17.095 0.012 3 2 0 20.09
s 02 100103 08 06639 1923.36890474 17.150 0.012 0 2 0 20.27
s 02 100103 08 06639 1923.40198614 17.160 0.010 0 2 0 20.58
s 02 100103 08 06639 1924.31470418 0.000 inf 0 0 0 15.82
s 02 100103 08 06639 1924.34834556 17.181 0.013 0 2 0 20.13
s 02 100103 08 06639 1925.30323434 0.000 inf 0 0 0 24.02
s 02 100103 08 06639 1925.33668568 17.171 0.040 0 2 0 24.02
s 02 100103 08 06639 1926.49792144 17.135 0.011 2 2 0 24.02
s 02 003692 06 09506 1926.50020152 17.131 0.011 0 2 0 20.26
s 02 100103 08 06639 1927.28411156 17.123 0.020 0 2 0 24.02
s 02 100103 08 06639 1927.32164298 17.099 0.017 0 2 0 24.02
s 02 003692 06 09506 1927.39502575 17.092 0.015 3 2 0 19.87
s 02 003692 06 09506 1927.41993669 17.111 0.014 2 2 0 19.94
s 02 100103 08 06639 1928.34982127 17.168 0.022 3 2 0 24.02
s 02 100103 08 06639 1928.38343250 17.222 0.019 0 2 0 24.02
s 02 100103 08 06639 1929.35774764 17.135 0.022 0 2 0 24.02
s 02 100103 08 06639 1929.39131883 17.199 0.021 0 2 0 24.02
s 02 100103 08 06639 1930.29786051 17.178 0.012 0 2 0 20.36
s 02 100103 08 06639 1930.33182168 17.150 0.015 0 2 0 20.11
s 02 100103 08 06639 1931.31853504 17.102 0.021 0 2 0 24.02
s 02 100103 08 06639 1931.35140614 17.190 0.022 0 2 0 24.02
s 02 100103 08 06639 1932.32161780 17.128 0.020 0 2 0 24.02
s 02 100103 08 06639 1932.35520888 17.127 0.018 0 2 0 24.02
s 02 100103 08 06639 1934.42922277 17.159 0.018 0 2 0 19.71
s 02 100103 08 06639 1934.46177373 17.149 0.018 0 2 0 19.72
s 02 003692 06 09506 1934.46987397 17.097 0.019 0 2 0 19.40
s 02 003692 06 09506 1934.49527472 17.109 0.019 0 2 0 19.50
s 02 100103 08 06639 1936.51046174 17.079 0.014 0 194 0 19.95
s 02 100103 08 06639 1937.30298283 17.097 0.017 0 2 0 19.92
s 02 100103 08 06639 1937.33658371 17.167 0.027 0 2 4 19.39
s 02 100103 08 06639 1938.46889247 17.129 0.011 2 2 0 24.02
s 02 100103 08 06639 1938.50609339 17.133 0.012 2 2 0 24.02
s 02 100103 08 06639 1939.42762560 17.132 0.010 0 2 0 24.02
s 02 100103 08 06639 1939.46134640 17.078 0.010 0 2 0 24.02
s 02 100103 08 06639 1940.38835766 17.112 0.012 0 2 0 24.02
s 02 100103 08 06639 1940.42767853 17.098 0.016 0 2 0 24.02
s 02 003692 06 09506 1940.43372867 17.151 0.017 0 2 0 24.02
s 02 003692 06 09506 1940.45920924 16.898 0.015 0 2 0 24.02
s 02 100103 08 06639 1943.43536005 17.180 0.011 2 2 0 24.02
s 02 100103 08 06639 1943.46891068 17.146 0.011 2 2 0 24.02
s 02 100103 08 06639 1944.38997723 17.084 0.015 3 2 0 24.02
s 02 100103 08 06639 1944.42282780 17.072 0.013 3 2 0 24.02
s 02 100103 08 06639 1945.42634458 17.133 0.016 3 2 0 24.02
s 02 100103 08 06639 1946.28612795 17.111 0.011 2 2 0 24.02
s 02 100103 08 06639 1946.35303895 17.167 0.012 3 2 0 24.02
s 02 003692 06 09506 1946.46444061 0.000 inf 0 0 0 19.08
s 02 100103 08 06639 1947.36599342 17.093 0.010 2 2 0 24.02
s 02 003692 06 09506 1947.39799386 17.137 0.012 3 2 0 20.35
s 02 003692 06 09506 1947.42383421 17.161 0.013 2 2 0 20.31
s 02 100103 08 06639 1948.43818733 17.132 0.010 0 2 0 24.02
s 02 003692 06 09506 1948.43932734 17.110 0.011 2 2 0 24.02
s 02 100103 08 06639 1948.47203775 17.147 0.011 0 2 0 24.02
s 02 003692 06 09506 1948.47317776 17.134 0.011 0 2 0 24.02
s 02 100103 08 06639 1949.46588929 17.129 0.011 0 2 0 24.02
s 02 003692 06 09506 1949.46702931 17.137 0.012 0 2 0 20.23
s 02 100103 08 06639 1949.50223969 17.140 0.017 0 2 0 24.02
s 02 003692 06 09506 1949.50336970 17.137 0.019 0 2 0 19.55
s 02 100103 08 06639 1950.47823977 17.109 0.010 0 2 0 24.02
s 02 003692 06 09506 1950.47941978 17.115 0.011 0 2 0 20.28
s 02 100103 08 06639 1953.43727292 17.102 0.010 0 2 0 24.02
s 02 100103 08 06639 1953.48743321 17.095 0.013 0 2 0 24.02
s 02 100103 08 06639 1954.39502802 17.118 0.011 0 2 0 24.02
s 02 100103 08 06639 1954.42388816 17.139 0.010 0 2 0 24.02
s 02 100103 08 06639 1955.38456207 17.140 0.012 0 2 0 24.02
s 02 100103 08 06639 1955.42245220 17.152 0.012 2 2 0 24.02
s 02 100103 08 06639 1957.19554625 17.171 0.027 0 2 0 24.02
s 02 100103 08 06639 1957.22904629 17.145 0.024 0 2 0 24.02
s 02 100103 08 06639 1958.30298676 17.108 0.023 0 2 0 24.02
s 02 100103 08 06639 1958.30412676 17.106 0.022 0 2 0 24.02
s 02 100103 08 06639 1958.33817675 17.070 0.022 0 2 0 24.02
s 02 100103 08 06639 1959.31091586 17.184 0.029 1 2 0 24.02
s 02 100103 08 06639 1959.31206586 17.138 0.027 2 2 0 24.02
s 02 100103 08 06639 1959.34787580 17.166 0.028 0 2 0 24.02
s 02 100103 08 06639 1960.30559371 17.092 0.023 0 2 0 24.02
s 02 100103 08 06639 1960.30673370 17.095 0.023 0 2 0 24.02
s 02 100103 08 06639 1960.33643362 17.104 0.022 0 194 0 24.02
s 02 100103 08 06639 1961.37908998 17.125 0.020 0 2 0 24.02
s 02 100103 08 06639 1961.38023997 17.087 0.021 0 2 0 24.02
s 02 100103 08 06639 1961.40794985 17.196 0.023 0 2 0 24.02
s 02 100103 08 06639 1962.35517532 17.225 0.027 0 2 0 24.02
s 02 100103 08 06639 1962.35634531 17.164 0.049 0 2 4 24.02
s 02 100103 08 06639 1962.39198512 17.216 0.021 0 2 0 24.02
s 02 100103 08 06639 1963.34654935 0.000 inf 0 0 0 24.02
s 02 100103 08 06639 1963.37588916 17.047 0.052 0 2 4 24.02
s 02 100103 08 06639 1964.38013181 17.107 0.012 0 2 0 24.02
s 02 100103 08 06639 1964.38129180 17.087 0.013 3 2 0 24.02
s 02 100103 08 06639 1964.40920158 17.072 0.012 0 2 0 24.02
s 02 100103 08 06639 1969.37188649 17.109 0.010 0 2 0 24.02
s 02 100103 08 06639 1969.37303648 17.099 0.010 0 2 0 24.02
s 02 100103 08 06639 1969.40082608 17.084 0.012 0 2 0 24.02
s 02 100103 08 06639 1970.32230244 17.115 0.010 0 2 0 24.02
s 02 100103 08 06639 1970.32347242 17.120 0.010 2 2 0 24.02
s 02 100103 08 06639 1970.35411195 17.124 0.009 0 2 0 24.02
s 02 100103 08 06639 1971.31674653 17.098 0.009 0 2 0 24.02
s 02 100103 08 06639 1971.31791651 17.116 0.009 0 2 0 24.02
s 02 100103 08 06639 1971.34977598 17.107 0.010 0 2 0 24.02
s 02 100103 08 06639 1972.31670931 17.102 0.009 0 2 0 24.02
s 02 100103 08 06639 1972.31785929 17.098 0.009 0 2 0 24.02
s 02 100103 08 06639 1972.34928872 17.113 0.009 0 2 0 24.02
s 02 100103 08 06639 1973.31632086 17.074 0.010 0 2 0 24.02
s 02 100103 08 06639 1973.31747084 17.086 0.010 0 2 0 24.02
s 02 100103 08 06639 1973.34773026 17.204 0.080 0 2 4 24.02
s 02 003692 06 09506 1982.25400252 17.108 0.010 0 2 0 20.35
s 02 003692 06 09506 1982.27979175 17.146 0.011 2 2 0 20.31
s 02 003692 06 09506 1983.25346228 17.042 0.010 0 2 0 20.35
s 02 003692 06 09506 1983.27889149 17.127 0.010 0 2 0 20.34
s 02 003692 06 09506 1984.24284121 17.113 0.013 2 2 0 20.05
s 02 003692 06 09506 1984.26930037 17.149 0.014 3 2 0 19.88
s 02 003692 06 09506 1985.22282935 17.128 0.015 0 2 0 19.90
s 02 003692 06 09506 1985.26425798 17.095 0.014 0 2 0 19.87
s 02 003692 06 09506 1986.20331640 17.105 0.016 0 2 0 19.68
s 02 003692 06 09506 1986.24043513 17.086 0.015 0 2 0 19.79
s 02 003692 06 09506 1987.26242960 17.121 0.018 0 2 0 19.61
s 02 003692 06 09506 1987.28832868 17.121 0.017 0 2 0 19.53
s 02 003692 06 09506 1988.25351404 17.147 0.020 0 2 0 19.41
s 02 003692 06 09506 1988.27895311 17.129 0.019 0 2 0 19.38
s 02 003692 06 09506 1989.25345707 17.171 0.021 0 2 0 24.02
s 02 003692 06 09506 1989.27882612 17.087 0.019 0 2 0 24.02
s 02 003692 06 09506 1990.25433899 17.165 0.016 0 2 0 19.71
s 02 003692 06 09506 1990.27969801 17.089 0.015 0 2 0 19.81
s 02 003692 06 09506 1991.32013726 17.186 0.029 0 2 0 18.97
s 02 003692 06 09506 1991.34549625 17.175 0.033 0 2 0 18.84
s 02 003692 06 09506 1992.34388604 17.085 0.011 0 2 0 20.18
s 02 003692 06 09506 1992.36922500 17.079 0.012 0 2 0 20.03
s 02 003692 06 09506 1993.31902575 17.085 0.010 0 2 0 20.26
s 02 003692 06 09506 1993.34967446 17.061 0.010 2 2 0 20.26
s 02 003692 06 09506 1994.33329279 17.113 0.011 0 2 0 20.28
s 02 003692 06 09506 1994.35863170 17.096 0.011 2 2 0 20.25
s 02 003692 06 09506 1995.32349984 17.113 0.011 2 2 0 20.30
s 02 003692 06 09506 1995.34873873 17.098 0.011 2 2 0 20.23
s 02 003692 06 09506 1996.33966472 17.062 0.009 0 2 0 20.44
s 02 003692 06 09506 1996.37288323 17.133 0.011 0 2 0 20.30
s 02 003692 06 09506 1997.27327235 16.242 0.007 3 2 0 20.33
s 02 003692 06 09506 1997.30663082 16.080 0.006 3 2 0 20.33
s 02 003692 06 09506 1998.32928339 13.214 0.003 6 258 8 24.02
s 02 003692 06 09506 1999.32927602 13.591 0.003 3 2 8 20.38
s 02 003692 06 09506 1999.35897460 13.629 0.004 3 2 8 20.34
s 02 003692 06 09506 2001.25737198 15.684 0.005 2 2 0 20.53
s 02 003692 06 09506 2001.28915040 15.747 0.006 2 2 0 20.57
s 02 003692 06 09506 2002.25641188 16.685 0.007 0 2 0 20.60
s 02 003692 06 09506 2002.28789028 16.642 0.008 2 2 0 20.56
s 02 003692 06 09506 2003.25481089 16.768 0.009 3 2 0 20.43
s 02 003692 06 09506 2003.28595928 16.888 0.009 3 2 0 20.35
s 02 003692 06 09506 2004.25257902 16.835 0.009 3 2 0 24.02
s 02 003692 06 09506 2004.28118753 16.961 0.009 3 2 0 24.02
s 02 003692 06 09506 2005.24524655 16.934 0.009 2 2 0 24.02
s 02 003692 06 09506 2005.27318506 17.001 0.009 2 2 0 24.02
s 02 003692 06 09506 2006.24106304 16.834 0.008 0 2 0 24.02
s 02 003692 06 09506 2006.27039145 17.015 0.009 0 194 0 24.02
s 02 003692 06 09506 2007.24146843 16.995 0.009 0 2 0 24.02
s 02 003692 06 09506 2007.27084682 17.005 0.010 2 2 0 24.02
s 02 003692 06 09506 2008.20503504 16.934 0.009 0 2 0 24.02
s 02 003692 06 09506 2008.23175354 16.921 0.008 0 2 0 24.02
s 02 003692 06 09506 2009.18910971 17.010 0.010 3 2 0 24.02
s 02 003692 06 09506 2009.22085791 17.038 0.010 0 2 0 24.02
s 02 003692 06 09506 2010.18982265 17.045 0.010 0 2 0 24.02
s 02 003692 06 09506 2010.22092086 16.989 0.009 0 2 0 24.02
s 02 003692 06 09506 2363.35529488 17.193 0.014 3 2 0 24.02
s 02 003692 06 09506 2363.37801382 17.169 0.013 2 2 0 24.02
s 02 003692 06 09506 2363.39927283 17.173 0.014 2 2 0 24.02
s 02 003692 06 09506 2672.33953823 17.184 0.021 3 2 0 19.33
s 02 100103 08 06639 2693.39773276 17.142 0.016 0 2 0 19.80
s 02 100103 08 06639 2694.39802610 17.135 0.017 0 2 0 19.72
s 02 100103 08 06639 2695.40967807 17.192 0.021 0 2 0 19.43
s 02 100103 08 06639 2704.16282533 17.166 0.022 0 2 4 19.42
s 02 003692 06 09506 2704.16411530 17.175 0.018 0 2 0 19.62
s 02 100103 08 06639 2706.16387403 17.157 0.024 0 2 4 19.43
s 02 003692 06 09506 2706.16512400 17.175 0.020 0 2 0 19.48
s 02 100103 08 06639 2706.19905326 17.103 0.011 0 2 0 20.45
s 02 100103 08 06639 2707.28977866 17.099 0.010 2 2 0 20.53
s 02 003692 06 09506 2707.29092863 17.093 0.011 3 2 0 20.30
s 02 100103 08 06639 2707.31808800 17.180 0.011 0 2 0 20.54
s 02 100103 08 06639 2708.16585787 17.136 0.018 0 2 0 19.59
s 02 003692 06 09506 2708.16705784 17.134 0.017 0 2 0 19.57
s 02 003692 06 09506 2708.30015460 17.197 0.011 3 2 0 20.31
s 02 100103 08 06639 2709.16629301 17.141 0.015 0 2 0 19.92
s 02 003692 06 09506 2710.16558699 17.134 0.023 0 2 4 19.29
s 02 003692 06 09506 2711.16594976 17.175 0.018 0 2 0 19.75
s 02 003692 06 09506 2712.16642136 17.159 0.025 0 2 0 19.22
s 02 100103 08 06639 2714.29894697 17.236 0.011 3 2 0 20.49
s 02 003692 06 09506 2715.29146522 17.249 0.012 3 2 0 20.24
s 02 100103 08 06639 2722.29607014 17.166 0.016 2 2 0 19.81
s 02 003692 06 09506 2723.26431073 17.189 0.019 3 2 0 19.49
