# Source: PTFS1516bg
# Coordinates: 251.04168 25.25054
# Epoch Units: PTFHJD
#
# Column definitions
# ------------------
# lcType: s = detected on reference image, t = transient
# filterID: 1 = g', 2 = R
# fieldID: PTF Field ID
# chipID: PTF Chip ID
# sourceID: Source ID
# epoch: Time of observation
# mag: calibrated magnitude
# magErr: calibrated magnitude error
# sextractorFlags: sextractor flags from detection
# ipacFlags: see documentation
# relPhotFlags: relative photometry flags
# limitMag: Magnitude at which 95% of source in reference image are detected
#           in this exposure
#
# lcType filterID fieldID chipID sourceID epoch mag magerr sextractorFlags ipacFlags relPhotFlags limitMag
s 02 003888 07 05464 137.35902125 13.274 0.010 4 258 8 20.33
s 02 003888 07 05464 138.29780937 12.866 0.009 4 258 8 19.71
s 02 003888 07 05464 141.48616950 13.221 0.006 4 258 8 20.21
s 02 003888 07 05464 141.48932952 13.307 0.006 4 258 8 20.15
s 02 003888 07 05464 170.31505397 13.284 0.006 7 258 8 20.45
s 02 003888 07 05464 184.25201811 13.251 0.007 4 258 8 19.60
s 02 003888 07 05464 184.33391477 13.258 0.006 4 258 8 19.69
s 02 003888 07 05464 193.29605517 13.411 0.006 4 258 8 20.17
s 02 003888 07 05464 193.36413188 13.300 0.006 4 258 8 19.97
s 02 003888 07 05464 203.25690794 13.180 0.005 4 258 8 20.47
s 02 003888 07 05464 203.34558303 13.306 0.005 4 258 8 20.34
s 02 003888 07 05464 217.26019837 13.412 0.006 4 258 8 19.76
s 02 003888 07 05464 217.34768289 13.221 0.006 4 450 8 18.99
s 02 003888 07 05464 222.33587585 13.214 0.007 4 258 8 19.27
s 02 003888 07 05464 223.19748023 13.187 0.004 4 258 8 20.37
s 02 003888 07 05464 228.32136524 13.292 0.005 4 258 8 20.04
s 02 003888 07 05464 229.18293832 13.322 0.006 4 258 8 20.53
s 02 003888 07 05464 234.25450082 13.068 0.006 4 258 8 20.18
s 02 003888 07 05464 234.29836789 13.189 0.006 4 258 8 20.05
s 02 003888 07 05464 440.36741126 12.250 0.005 6 258 8 19.82
s 02 003888 07 05464 440.41169407 12.290 0.005 6 258 8 19.87
s 02 003888 07 05464 464.36673922 12.334 0.005 4 258 8 20.25
s 02 003888 07 05464 464.41735166 12.263 0.006 4 258 8 19.69
s 02 003888 07 05464 469.50709514 12.332 0.004 4 258 8 20.52
s 02 003888 07 05464 470.44662575 12.317 0.007 4 258 8 20.66
s 02 003888 07 05464 470.48944758 12.302 0.014 4 258 12 20.37
s 02 003888 07 05464 478.40114648 12.418 0.004 4 258 8 20.25
s 02 003888 07 05464 478.44414799 12.396 0.004 4 258 8 20.62
s 02 003888 07 05464 487.48524443 12.178 0.004 4 258 8 19.84
s 02 003888 07 05464 488.38206721 12.282 0.004 4 258 8 20.29
s 02 003888 07 05464 488.42702833 12.344 0.004 4 258 8 20.33
s 02 003888 07 05464 500.42538822 12.311 0.003 4 450 8 20.77
s 02 003888 07 05464 500.47009874 12.309 0.004 4 258 8 20.50
s 02 003888 07 05464 505.42113238 12.170 0.003 4 258 8 20.58
s 02 003888 07 05464 505.46575265 12.253 0.004 4 258 8 20.52
s 02 003888 07 05464 510.41699826 12.320 0.005 4 258 8 19.60
s 02 003888 07 05464 510.46050828 12.298 0.005 4 258 8 19.89
s 02 003888 07 05464 515.43890571 12.365 0.004 4 258 8 19.97
s 02 003888 07 05464 515.48205548 12.211 0.004 4 258 8 19.76
s 02 003888 07 05464 520.43413503 12.347 0.004 4 258 8 20.60
s 02 003888 07 05464 520.47813454 12.337 0.004 4 258 8 20.21
s 02 003888 07 05464 525.44164631 12.170 0.004 6 258 8 20.38
s 02 003888 07 05464 525.48553559 12.111 0.007 4 258 8 19.27
s 02 003888 07 05464 531.31646077 12.283 0.004 6 258 8 20.61
s 02 003888 07 05464 531.36019977 12.157 0.003 4 450 8 20.50
s 02 003888 07 05464 536.32007353 12.257 0.004 4 258 8 20.15
s 02 003888 07 05464 536.36360231 12.277 0.003 4 258 8 20.35
s 02 003888 07 05464 541.31553105 12.147 0.005 4 258 8 19.49
s 02 003888 07 05464 541.35852963 12.243 0.006 4 258 8 19.32
s 02 003888 07 05464 547.29588657 12.389 0.003 4 258 8 20.46
s 02 003888 07 05464 547.33943489 12.407 0.003 4 258 8 20.41
s 02 003888 07 05464 552.29445200 12.686 0.004 4 258 8 20.77
s 02 003888 07 05464 552.34072000 12.616 0.004 4 258 8 20.75
s 02 003888 07 05464 563.33858601 12.585 0.004 4 258 8 20.45
s 02 003888 07 05464 563.38208376 12.420 0.013 4 258 12 19.57
s 02 003888 07 05464 569.20415030 12.607 0.005 4 258 8 19.68
s 02 003888 07 05464 569.24810785 12.548 0.005 4 258 8 19.64
s 02 003888 07 05464 578.27552106 12.607 0.007 4 258 8 20.01
s 02 003888 07 05464 578.31999835 12.473 0.015 4 258 12 19.32
s 02 003888 07 05464 582.19504945 12.513 0.012 4 258 12 19.87
s 02 003888 07 05464 582.23895670 12.633 0.014 4 258 12 20.28
s 02 003888 07 05464 585.19817998 12.670 0.009 4 258 8 19.84
s 02 003888 07 05464 585.25443640 12.671 0.007 4 258 8 19.66
s 02 003888 07 05464 589.21244180 13.338 0.004 4 258 8 20.57
s 02 003888 07 05464 589.25544901 13.381 0.004 4 258 8 20.46
s 02 003888 07 05464 592.26631231 13.297 0.004 4 258 8 20.33
s 02 003888 07 05464 592.31119936 13.180 0.005 4 258 8 20.08
s 02 003888 07 05464 596.16088499 13.301 0.005 4 258 8 20.06
s 02 003888 07 05464 596.20463208 13.312 0.004 4 258 8 19.98
s 02 003888 07 05464 599.15687545 12.878 0.005 4 258 8 19.87
s 02 003888 07 05464 599.20078252 12.896 0.006 4 258 8 19.83
s 02 003888 07 05464 602.15197513 13.321 0.172 0 2 12 16.19
s 02 003888 07 05464 602.19621217 13.471 0.008 4 258 8 19.83
s 02 003888 07 05464 606.16353635 13.383 0.003 0 2 8 20.26
s 02 003888 07 05464 606.20775338 13.615 0.004 0 2 8 20.05
s 02 003888 07 05464 610.19064706 12.609 0.004 4 258 8 20.49
s 02 003888 07 05464 610.23635402 12.604 0.005 4 258 8 20.33
s 02 003888 07 05464 640.10881889 13.791 0.004 4 258 8 20.26
s 02 003888 07 05464 640.15163654 13.683 0.004 0 2 8 20.14
s 02 003888 07 05464 646.10578293 12.920 0.004 4 258 8 20.12
s 02 003888 07 05464 646.14963072 12.911 0.005 4 258 8 20.01
s 02 003888 07 05464 649.10144520 13.609 0.005 4 258 8 20.21
s 02 003888 07 05464 649.15842246 13.493 0.005 4 258 8 20.05
s 02 003888 07 05464 801.50785538 13.264 0.004 4 258 8 20.48
s 02 003888 07 05464 804.40806281 13.407 0.005 0 2 8 19.76
s 02 003888 07 05464 804.43786472 13.347 0.005 0 2 8 19.87
s 02 003888 07 05464 820.46881548 13.405 0.003 4 258 8 20.54
s 02 003888 07 05464 820.51315792 13.484 0.004 4 258 8 20.61
s 02 003888 07 05464 831.49263709 13.184 0.004 4 258 8 20.43
s 02 003888 07 05464 832.42025985 13.250 0.004 4 258 8 20.30
s 02 003888 07 05464 835.46145474 13.493 0.005 0 2 8 19.86
s 02 003888 07 05464 835.50553664 13.431 0.004 4 258 8 20.32
s 02 003888 07 05464 839.38466637 12.826 0.005 4 258 8 19.47
s 02 003888 07 05464 839.42974815 12.866 0.005 4 258 8 19.64
s 02 003888 07 05464 842.46784322 12.326 0.005 4 258 8 19.74
s 02 003888 07 05464 846.49443182 12.696 0.004 4 258 8 20.24
s 02 003888 07 05464 847.39600063 13.031 0.004 4 258 8 20.56
s 02 003888 07 05464 847.44826227 13.073 0.003 4 258 8 20.56
s 02 003888 07 05464 850.49209317 13.464 0.004 0 2 8 20.08
s 02 003888 07 05464 851.41018869 13.558 0.004 0 2 8 19.97
s 02 003888 07 05464 851.45436990 13.637 0.004 0 2 8 19.93
s 02 003888 07 05464 861.39310766 12.294 0.004 4 258 8 20.44
s 02 003888 07 05464 861.43828840 12.270 0.004 4 258 8 20.48
s 02 003888 07 05464 871.47484670 13.436 0.006 0 2 8 19.81
s 02 003888 07 05464 875.46073814 12.283 0.004 4 258 8 20.15
s 02 003888 07 05464 876.40761821 12.478 0.004 4 258 8 20.40
s 02 003888 07 05464 879.41531168 13.109 0.004 4 258 8 20.28
s 02 003888 07 05464 889.44725621 12.243 0.004 4 258 8 20.46
s 02 003888 07 05464 890.26649348 12.166 0.005 4 258 8 20.13
s 02 003888 07 05464 893.22439140 12.187 0.005 4 258 8 19.66
s 02 003888 07 05464 893.27964034 12.229 0.006 4 258 8 19.69
s 02 003888 07 05464 900.37785681 13.388 0.004 0 2 8 19.94
s 02 003888 07 05464 900.42205563 13.470 0.005 0 2 8 19.74
s 02 003888 07 05464 923.21080507 13.074 0.005 4 258 8 19.58
s 02 003888 07 05464 923.25649289 13.067 0.005 4 258 8 19.68
s 02 003888 07 05464 927.21857749 13.699 0.005 0 2 8 19.85
s 02 003888 07 05464 927.26781499 13.606 0.004 4 258 8 19.84
s 02 003888 07 05464 959.20647254 13.526 0.005 4 258 8 20.14
s 02 003888 07 05464 959.25242951 13.497 0.005 4 258 8 20.00
s 02 003888 07 05464 962.19055474 13.668 0.005 0 2 8 20.25
s 02 003888 07 05464 962.23989146 13.421 0.004 4 258 8 20.34
s 02 003888 07 05464 2713.31085078 13.002 0.004 0 2 8 20.27
s 02 003888 07 05464 2717.31198253 12.323 0.004 6 258 8 20.07
