# Source: PTFS1720i
# Coordinates: 306.82243 43.68944
# Epoch Units: PTFHJD
#
# Column definitions
# ------------------
# lcType: s = detected on reference image, t = transient
# filterID: 1 = g', 2 = R
# fieldID: PTF Field ID
# chipID: PTF Chip ID
# sourceID: Source ID
# epoch: Time of observation
# mag: calibrated magnitude
# magErr: calibrated magnitude error
# sextractorFlags: sextractor flags from detection
# ipacFlags: see documentation
# relPhotFlags: relative photometry flags
# limitMag: Magnitude at which 95% of source in reference image are detected
#           in this exposure
#
# lcType filterID fieldID chipID sourceID epoch mag magerr sextractorFlags ipacFlags relPhotFlags limitMag
t 02 004586 10 00143 804.48984658 17.132 0.015 2 2 0 19.52
t 02 004586 10 00143 804.49109661 17.166 0.015 0 2 0 19.60
t 02 004586 10 00143 1695.14977050 14.600 0.043 0 2 4 18.98
t 02 004586 10 00143 1695.17178047 14.163 0.079 0 2 12 18.80
t 02 004586 10 00143 1695.20426044 14.261 0.086 0 2 12 17.15
t 02 004586 10 00143 1695.22745042 14.516 0.007 0 2 0 19.28
t 02 004586 10 00143 1695.25145039 14.499 0.007 0 2 0 19.43
t 02 004586 10 00143 1696.15206911 14.623 0.005 0 2 0 19.77
t 02 004586 10 00143 1696.17647907 14.581 0.006 0 2 0 19.83
t 02 004586 10 00143 1696.21088900 14.608 0.006 0 2 0 19.63
t 02 004586 10 00143 1696.23632896 14.615 0.006 0 2 0 19.64
t 02 004586 10 00143 1696.26111891 14.548 0.006 0 2 0 19.63
t 02 004586 10 00143 1700.17226508 16.670 0.009 0 2 0 20.03
t 02 004586 10 00143 1700.23973472 16.525 0.008 0 2 0 20.09
t 02 004586 10 00143 1707.17156830 16.862 0.010 0 194 0 20.08
t 02 004586 10 00143 1707.20866789 16.963 0.010 0 194 0 20.06
t 02 004586 10 00143 1710.13931193 17.194 0.012 0 2 0 19.98
t 02 004586 10 00143 1710.17511144 17.217 0.013 0 2 0 20.02
t 02 004586 10 00143 1714.14793137 16.687 0.009 0 2 0 19.95
t 02 004586 10 00143 1714.17846085 16.588 0.009 0 2 0 19.93
t 02 004586 10 00143 1715.14017437 17.157 0.013 0 2 0 19.82
t 02 004586 10 00143 1715.21452307 17.194 0.013 0 2 0 19.86
t 02 004586 10 00143 1716.13772650 17.002 0.013 0 2 0 19.69
t 02 004586 10 00143 1716.17128588 17.246 0.015 0 2 0 19.69
t 02 004586 10 00143 1717.13916776 17.092 0.013 0 2 0 19.69
t 02 004586 10 00143 1717.16987717 17.156 0.014 0 2 0 19.73
t 02 004586 10 00143 1718.13525834 17.114 0.015 0 194 0 19.51
t 02 004586 10 00143 1718.16891767 17.156 0.016 0 2 0 19.46
t 02 004586 10 00143 1719.13471807 17.135 0.015 0 194 0 19.57
t 02 004586 10 00143 1719.16762738 17.278 0.019 0 2 0 19.38
t 02 004586 10 00143 1720.13012711 17.150 0.016 0 2 0 19.44
t 02 004586 10 00143 1720.16361639 16.928 0.013 0 2 0 19.56
t 02 004586 10 00143 1726.13289468 17.297 0.015 2 2 0 19.66
t 02 004586 10 00143 1726.16562383 17.002 0.012 0 2 0 19.67
t 02 004586 10 00143 1726.19913296 17.212 0.015 0 2 0 19.64
t 02 004586 10 00143 1727.12164864 17.222 0.013 0 2 0 19.76
t 02 004586 10 00143 1727.15371778 17.042 0.012 0 2 0 19.72
t 02 004586 10 00143 1727.18786687 17.316 0.013 0 2 0 19.94
t 02 004586 10 00143 1728.13763114 17.273 0.013 0 2 0 20.00
t 02 004586 10 00143 1728.16974025 17.037 0.012 2 2 0 19.74
t 02 004586 10 00143 1728.20295934 17.354 0.013 0 2 0 20.04
t 02 004586 10 00143 2000.39961027 16.939 0.009 0 2 0 20.14
t 02 004586 10 00143 2000.43380168 17.068 0.010 0 2 0 20.10
t 02 004586 10 00143 2008.42268649 16.796 0.008 0 2 0 24.02
t 02 004586 10 00143 2008.45204759 17.051 0.010 2 2 0 24.02
t 02 004586 10 00143 2015.34141126 15.305 0.005 0 2 0 24.02
t 02 004586 10 00143 2015.37819249 15.419 0.005 0 2 0 24.02
t 02 004586 10 00143 2023.37415853 17.029 0.011 0 2 0 24.02
t 02 004586 10 00143 2023.41959981 16.898 0.010 0 2 0 24.02
t 02 004586 10 00143 2030.23281515 14.209 0.006 0 2 8 24.02
t 02 004586 10 00143 2030.26669594 14.274 0.006 0 2 8 24.02
t 02 004586 10 00143 2030.30534684 14.170 0.006 0 2 8 24.02
t 02 004586 10 00143 2030.34411774 14.253 0.005 0 2 8 24.02
t 02 004586 10 00143 2030.37459845 14.137 0.006 0 2 8 24.02
t 02 004586 10 00143 2036.36278396 14.829 0.005 0 2 0 24.02
t 02 004586 10 00143 2036.38944446 14.839 0.006 0 2 0 24.02
t 02 004586 10 00143 2036.42078504 14.745 0.006 0 2 0 24.02
t 02 004586 10 00143 2036.44751554 14.818 0.006 0 2 0 24.02
t 02 004586 10 00143 2036.47818611 14.816 0.005 0 2 0 24.02
t 02 004586 10 00143 2043.22355370 15.333 0.006 0 2 0 24.02
t 02 004586 10 00143 2043.26439425 15.143 0.005 0 2 0 24.02
t 02 004586 10 00143 2043.38828588 14.936 0.005 0 2 0 24.02
t 02 004586 10 00143 2043.42024630 14.911 0.005 0 2 0 24.02
t 02 004586 10 00143 2043.45395674 14.902 0.005 0 2 0 24.02
t 02 004586 10 00143 2046.24088007 16.933 0.015 0 2 0 24.02
t 02 004586 10 00143 2046.26980039 17.122 0.017 0 2 0 24.02
t 02 004586 10 00143 2046.29756069 17.036 0.015 0 2 0 24.02
t 02 004586 10 00143 2046.32552099 17.053 0.015 0 2 0 24.02
t 02 004586 10 00143 2046.35476130 17.036 0.015 0 2 0 24.02
t 02 004586 10 00143 2047.26112070 17.301 0.020 0 2 0 24.02
t 02 004586 10 00143 2047.28996099 16.873 0.015 0 2 0 24.02
t 02 004586 10 00143 2047.31765126 17.132 0.019 0 2 0 24.02
t 02 004586 10 00143 2047.34552154 17.219 0.020 0 2 0 24.02
t 02 004586 10 00143 2047.37444183 16.940 0.016 0 2 0 24.02
t 02 004586 10 00143 2052.38434113 15.522 0.006 0 2 0 24.02
t 02 004586 10 00143 2052.43456142 15.500 0.006 0 2 0 24.02
t 02 004586 10 00143 2052.45881156 15.556 0.006 0 2 0 24.02
t 02 004586 10 00143 2052.48089168 15.615 0.007 0 2 0 24.02
t 02 004586 10 00143 2103.24100751 13.936 0.006 4 258 8 24.02
t 02 004586 10 00143 2375.36354804 17.148 0.018 0 2 0 24.02
t 02 004586 10 00143 2375.40101940 0.000 inf 0 0 0 24.02
t 02 004586 10 00143 2388.38905142 15.657 0.006 2 2 0 24.02
t 02 004586 10 00143 2388.44741308 15.722 0.007 2 2 0 24.02
t 02 004586 10 00143 2399.23108690 17.396 0.016 0 2 0 24.02
t 02 004586 10 00143 2399.27530781 17.505 0.017 0 2 0 24.02
t 02 004586 10 00143 2405.34470793 17.457 0.020 0 2 0 24.02
t 02 004586 10 00143 2405.38435855 17.209 0.016 0 2 0 24.02
t 02 004586 10 00143 2408.32215141 17.063 0.011 0 2 0 24.02
t 02 004586 10 00143 2408.37737215 17.251 0.013 0 2 0 24.02
t 02 004586 10 00143 2411.32814810 14.756 0.007 0 2 0 24.02
t 02 004586 10 00143 2413.28475803 17.037 0.012 2 2 0 24.02
t 02 004586 10 00143 2413.32166838 17.006 0.011 2 2 0 24.02
t 02 004586 10 00143 2416.23441214 17.543 0.015 0 2 0 24.02
t 02 004586 10 00143 2416.26440235 17.604 0.015 0 2 0 24.02
t 02 004586 10 00143 2419.25971937 16.651 0.009 0 2 0 24.02
t 02 004586 10 00143 2419.29639954 16.576 0.008 2 2 0 24.02
t 02 004586 10 00143 2749.17634786 17.184 0.027 0 2 0 19.12
t 02 004586 10 00143 2749.17750790 17.230 0.031 0 2 4 18.80
t 02 004586 10 00143 2749.17865793 17.332 0.040 0 2 4 18.08
t 02 004586 10 00143 2749.17982797 17.326 0.032 0 2 4 18.58
t 02 004586 10 00143 2749.18097801 17.284 0.028 0 2 0 19.03
t 02 004586 10 00143 2749.18213804 17.366 0.038 0 2 4 18.36
t 02 004586 10 00143 2749.18329808 17.185 0.030 0 2 4 18.79
t 02 004586 10 00143 2749.18445811 17.203 0.025 0 2 4 19.18
t 02 004586 10 00143 2749.18559815 17.201 0.025 0 2 0 19.12
t 02 004586 10 00143 2749.18675819 17.357 0.021 0 2 0 19.33
t 02 004586 10 00143 2749.18791822 17.335 0.020 2 2 0 19.40
t 02 004586 10 00143 2749.18908826 17.334 0.020 0 2 0 19.46
t 02 004586 10 00143 2749.19023830 17.359 0.020 0 2 0 19.46
t 02 004586 10 00143 2749.19139833 17.268 0.024 0 2 0 19.29
t 02 004586 10 00143 2749.19255837 17.341 0.026 0 2 4 19.18
t 02 004586 10 00143 2749.19371840 17.350 0.027 0 2 4 19.22
t 02 004586 10 00143 2749.19486844 17.367 0.020 2 2 0 19.46
t 02 004586 10 00143 2749.19602848 17.342 0.020 2 2 0 19.57
t 02 004586 10 00143 2749.19719851 17.355 0.018 0 2 0 19.62
t 02 004586 10 00143 2749.19835855 17.325 0.018 0 2 0 19.59
t 02 004586 10 00143 2749.19950859 17.362 0.020 0 2 0 19.54
t 02 004586 10 00143 2749.20066862 17.341 0.020 2 2 0 19.43
t 02 004586 10 00143 2749.20301870 17.327 0.019 0 2 0 19.53
t 02 004586 10 00143 2749.20417873 17.299 0.018 2 2 0 19.54
t 02 004586 10 00143 2749.20536877 17.323 0.019 0 2 0 19.48
t 02 004586 10 00143 2749.20653881 17.272 0.018 2 2 0 19.56
t 02 004586 10 00143 2749.20769884 17.245 0.017 0 2 0 19.64
t 02 004586 10 00143 2749.20884888 17.303 0.017 2 2 0 19.59
t 02 004586 10 00143 2749.21000891 17.305 0.017 0 2 0 19.61
t 02 004586 10 00143 2749.21116895 17.287 0.018 0 2 0 19.53
t 02 004586 10 00143 2749.21232899 17.350 0.018 0 2 0 19.56
t 02 004586 10 00143 2749.21347902 17.249 0.017 2 2 0 19.58
t 02 004586 10 00143 2749.21463906 17.277 0.017 2 2 0 19.65
t 02 004586 10 00143 2749.21583910 17.208 0.017 0 2 0 19.59
t 02 004586 10 00143 2749.21699913 17.156 0.019 0 2 0 19.31
t 02 004586 10 00143 2749.21815917 17.185 0.019 2 2 0 19.37
t 02 004586 10 00143 2749.21931920 17.160 0.017 0 2 0 19.43
t 02 004586 10 00143 2749.22046924 17.101 0.017 2 2 0 19.53
t 02 004586 10 00143 2749.22163928 17.121 0.017 2 2 0 19.47
t 02 004586 10 00143 2749.22279931 17.124 0.017 2 2 0 19.45
t 02 004586 10 00143 2749.22395935 17.081 0.017 2 2 0 19.49
t 02 004586 10 00143 2749.22511939 17.091 0.016 2 2 0 19.61
t 02 004586 10 00143 2749.22626942 17.117 0.015 2 2 0 19.65
t 02 004586 10 00143 2749.22742946 17.077 0.016 2 2 0 19.62
t 02 004586 10 00143 2749.22858949 17.029 0.016 0 2 0 19.63
t 02 004586 10 00143 2749.22976953 17.020 0.015 2 2 0 19.67
t 02 004586 10 00143 2749.23093957 17.006 0.015 2 2 0 19.66
t 02 004586 10 00143 2749.23208960 17.013 0.014 2 2 0 19.61
t 02 004586 10 00143 2749.23324964 16.991 0.015 2 2 0 19.63
t 02 004586 10 00143 2749.23440968 17.026 0.014 0 2 0 19.67
t 02 004586 10 00143 2749.23557971 17.034 0.015 2 2 0 19.65
t 02 004586 10 00143 2749.23676975 17.177 0.017 2 2 0 19.58
t 02 004586 10 00143 2749.23911982 17.128 0.016 0 2 0 19.57
t 02 004586 10 00143 2749.24030986 17.207 0.016 2 2 0 19.57
t 02 004586 10 00143 2749.24146990 16.998 0.015 0 2 0 19.65
t 02 004586 10 00143 2749.24262993 17.229 0.016 0 2 0 19.68
t 02 004586 10 00143 2749.24377997 17.216 0.016 0 2 0 19.68
t 02 004586 10 00143 2749.24495001 17.267 0.017 0 2 0 19.68
t 02 004586 10 00143 2749.24611004 17.300 0.017 0 2 0 19.67
t 02 004586 10 00143 2749.24727008 17.292 0.017 0 2 0 19.66
t 02 004586 10 00143 2749.24845011 17.300 0.017 2 2 0 19.68
t 02 004586 10 00143 2749.24961015 17.338 0.016 0 2 0 19.70
t 02 004586 10 00143 2749.25076019 17.323 0.017 0 2 0 19.69
t 02 004586 10 00143 2749.25193022 17.285 0.017 2 2 0 19.71
t 02 004586 10 00143 2749.25309026 17.233 0.016 0 2 0 19.70
t 02 004586 10 00143 2749.25425030 17.273 0.016 2 2 0 19.68
t 02 004586 10 00143 2749.25540033 17.286 0.017 2 2 0 19.65
t 02 004586 10 00143 2749.25657037 17.333 0.017 0 2 0 19.67
t 02 004586 10 00143 2749.25774040 17.415 0.018 0 2 0 19.66
t 02 004586 10 00143 2749.25890044 17.450 0.019 0 2 0 19.55
t 02 004586 10 00143 2753.49323678 14.798 0.007 0 2 0 19.31
