# Source: PTFS1116bj
# Coordinates: 254.65710 18.79096
# Epoch Units: PTFHJD
#
# Column definitions
# ------------------
# lcType: s = detected on reference image, t = transient
# filterID: 1 = g', 2 = R
# fieldID: PTF Field ID
# chipID: PTF Chip ID
# sourceID: Source ID
# epoch: Time of observation
# mag: calibrated magnitude
# magErr: calibrated magnitude error
# sextractorFlags: sextractor flags from detection
# ipacFlags: see documentation
# relPhotFlags: relative photometry flags
# limitMag: Magnitude at which 95% of source in reference image are detected
#           in this exposure
#
# lcType filterID fieldID chipID sourceID epoch mag magerr sextractorFlags ipacFlags relPhotFlags limitMag
s 02 003597 10 10016 150.26430533 20.065 0.126 0 2 0 20.25
s 02 003597 10 10016 150.32625544 20.492 0.105 0 2 0 20.49
s 02 003597 10 10016 150.39000555 20.195 0.080 0 2 0 20.71
s 02 003597 10 10016 183.28652004 20.455 0.205 0 0 0 19.79
s 02 003597 10 10016 183.35612743 0.000 inf 0 0 0 19.51
s 02 003597 10 10016 192.28822092 19.967 0.098 0 2 0 20.27
s 02 003597 10 10016 192.36365740 20.209 0.123 0 2 0 20.07
s 02 003597 10 10016 202.24419104 19.023 0.046 0 2 0 20.33
s 02 003597 10 10016 202.33229614 18.988 0.045 0 2 0 20.27
s 02 003597 10 10016 217.24442463 19.105 0.063 0 2 0 19.76
s 02 003597 10 10016 217.34135823 19.150 0.126 0 2 0 19.18
s 02 003597 10 10016 222.33791163 18.612 0.070 0 2 0 19.38
s 02 003597 10 10016 223.18429338 18.656 0.032 0 2 0 20.52
s 02 003597 10 10016 227.31508458 18.673 0.040 0 2 0 20.26
s 02 003597 10 10016 228.21865050 18.843 0.035 0 2 0 20.63
s 02 003597 10 10016 234.24778619 19.503 0.064 0 2 0 20.34
s 02 003597 10 10016 234.29144301 19.212 0.058 0 194 0 20.18
s 02 003597 10 10016 438.47194010 0.000 inf 0 0 0 19.37
s 02 003597 10 10016 438.51596332 20.485 0.110 0 2 0 20.24
s 02 003597 10 10016 501.35925450 20.157 0.108 0 2 0 20.18
s 02 003597 10 10016 516.46349637 19.382 0.080 0 2 0 19.93
s 02 003597 10 10016 517.45876640 19.391 0.062 0 2 0 20.31
s 02 003597 10 10016 518.45860518 19.199 0.056 0 2 0 20.30
s 02 003597 10 10016 519.27705326 19.044 0.033 0 194 0 20.88
s 02 003597 10 10016 519.32040314 19.200 0.037 0 194 0 20.85
s 02 003597 10 10016 524.35480268 18.827 0.029 0 2 0 20.91
s 02 003597 10 10016 524.39790228 18.863 0.031 0 2 0 20.75
s 02 003597 10 10016 529.36389124 18.536 0.025 0 2 0 20.68
s 02 003597 10 10016 529.40725057 18.660 0.030 0 2 0 20.53
s 02 003597 10 10016 534.37670916 18.903 0.033 0 2 0 20.70
s 02 003597 10 10016 534.42109821 19.129 0.044 0 2 0 20.49
s 02 003597 10 10016 539.38287742 19.573 0.080 0 2 0 19.88
s 02 003597 10 10016 539.42632624 19.434 0.087 0 2 0 19.82
s 02 003597 10 10016 544.39151673 19.524 0.093 0 2 0 19.87
s 02 003597 10 10016 544.43503530 20.027 0.148 0 0 0 19.40
s 02 003597 10 10016 550.21412659 19.650 0.058 0 2 0 20.57
s 02 003597 10 10016 550.25800487 19.817 0.061 0 2 0 20.61
s 02 003597 10 10016 562.28384986 18.295 0.022 0 2 0 20.57
s 02 003597 10 10016 562.32737764 18.451 0.030 0 2 0 20.25
s 02 003597 10 10016 567.28396373 18.600 0.042 0 194 0 19.88
s 02 003597 10 10016 567.32904123 18.483 0.041 0 2 0 19.79
s 02 003597 10 10016 574.29520642 19.473 0.197 0 0 4 18.97
s 02 003597 10 10016 575.30612468 19.252 0.064 0 2 0 19.99
s 02 003597 10 10016 575.35193186 19.336 0.082 0 2 0 19.79
s 02 003597 10 10016 579.18822108 0.000 inf 0 0 0 16.68
s 02 003597 10 10016 579.23192828 19.241 0.121 0 2 4 19.66
s 02 003597 10 10016 582.28316001 20.082 0.146 0 2 4 20.03
s 02 003597 10 10016 582.32765708 20.326 0.131 0 2 0 20.02
s 02 003597 10 10016 586.18440879 19.557 0.109 0 2 0 19.45
s 02 003597 10 10016 586.22819582 19.501 0.082 0 2 0 19.95
s 02 003597 10 10016 589.22432994 19.357 0.048 0 2 0 20.62
s 02 003597 10 10016 589.28077602 19.621 0.058 0 2 0 20.47
s 02 003597 10 10016 593.25466694 19.565 0.100 0 2 0 20.02
s 02 003597 10 10016 593.29774388 19.439 0.068 0 2 0 20.27
s 02 003597 10 10016 597.16155713 20.003 0.115 0 0 0 19.95
s 02 003597 10 10016 597.20479401 20.229 0.138 0 0 0 20.04
s 02 003597 10 10016 600.16975877 19.956 0.142 0 2 0 19.77
s 02 003597 10 10016 600.21315560 20.196 0.133 0 0 0 19.74
s 02 003597 10 10016 603.16445944 20.202 0.128 0 2 0 20.04
s 02 003597 10 10016 603.20825622 19.835 0.108 0 2 0 19.97
s 02 003597 10 10016 606.17752734 20.356 0.102 0 2 0 20.37
s 02 003597 10 10016 607.14222602 20.040 0.103 0 2 0 20.38
s 02 003597 10 10016 610.18670056 19.673 0.063 0 2 0 20.52
s 02 003597 10 10016 610.23131725 19.946 0.081 0 2 0 20.45
s 02 003597 10 10016 641.10774167 18.507 0.037 0 2 4 20.27
s 02 003597 10 10016 641.15070891 18.446 0.029 0 2 0 20.38
s 02 003597 10 10016 646.10364956 18.260 0.030 0 2 0 20.04
s 02 003597 10 10016 646.14736690 18.112 0.027 0 2 0 20.03
s 02 003597 10 10016 649.09932108 18.378 0.031 0 2 0 20.12
s 02 003597 10 10016 649.14212858 18.413 0.032 0 2 0 20.15
s 02 003597 10 10016 2079.13399914 19.991 0.132 0 2 0 20.08
s 02 003597 10 10016 2079.16966652 20.270 0.180 0 0 0 19.86
s 02 003597 10 10016 2080.14584490 20.367 0.118 0 2 0 20.28
s 02 003597 10 10016 2080.18914173 20.351 0.200 0 0 0 19.91
s 02 003597 10 10016 2081.14395185 20.109 0.122 0 2 0 20.30
s 02 003597 10 10016 2082.14641868 20.411 0.125 0 2 0 20.23
s 02 003597 10 10016 2082.19177538 20.421 0.122 0 2 0 20.16
s 02 003597 10 10016 2083.14404609 20.319 0.135 0 2 0 20.28
s 02 003597 10 10016 2083.18814289 20.151 0.124 0 2 0 20.22
s 02 003597 10 10016 2084.14216370 20.327 0.117 0 2 0 20.24
s 02 003597 10 10016 2084.18625051 20.787 0.165 0 2 0 20.15
s 02 003597 10 10016 2085.14118151 20.330 0.133 0 2 0 20.12
s 02 003597 10 10016 2085.18367845 0.000 inf 0 0 0 20.01
s 02 003597 10 10016 2088.19380278 0.000 inf 0 0 0 20.15
s 02 003597 10 10016 2088.23296000 20.554 0.143 0 2 0 19.87
s 02 003597 10 10016 2089.18121270 20.484 0.130 0 2 0 20.11
s 02 003597 10 10016 2090.13270552 20.293 0.109 0 2 0 20.35
s 02 003597 10 10016 2090.17486255 20.459 0.122 0 2 0 20.13
s 02 003597 10 10016 2091.13124539 20.419 0.128 0 0 0 20.24
s 02 003597 10 10016 2091.17347243 20.563 0.151 0 0 0 20.11
s 02 003597 10 10016 2092.13017565 20.117 0.118 0 2 0 20.35
s 02 003597 10 10016 2092.17238272 20.130 0.118 0 2 0 20.18
s 02 003597 10 10016 2093.18992215 20.511 0.140 0 0 0 20.09
s 02 003597 10 10016 2093.22527970 20.088 0.172 0 0 0 19.80
s 02 003597 10 10016 2094.12299786 20.530 0.112 0 2 0 20.29
s 02 003597 10 10016 2094.16748480 20.169 0.104 0 2 0 20.25
s 02 003597 10 10016 2095.12851905 20.611 0.122 0 2 0 20.21
s 02 003597 10 10016 2095.17743571 20.445 0.155 0 0 0 19.89
s 02 003597 10 10016 2096.12707122 20.380 0.169 0 0 0 19.68
s 02 003597 10 10016 2096.17203817 20.521 0.177 0 0 0 19.71
s 02 003597 10 10016 2098.12213728 20.552 0.137 0 0 0 19.97
s 02 003597 10 10016 2098.17853353 0.000 inf 0 0 0 19.62
s 02 003597 10 10016 2099.11697133 20.203 0.131 0 2 0 20.03
s 02 003597 10 10016 2099.20540549 0.000 inf 0 0 0 19.64
s 02 003597 10 10016 2100.11501574 20.595 0.159 0 0 0 19.85
s 02 003597 10 10016 2100.15487313 20.096 0.180 0 0 0 19.68
s 02 003597 10 10016 2101.12030029 20.528 0.145 0 0 0 19.87
s 02 003597 10 10016 2101.15695792 0.000 inf 0 0 0 19.65
s 02 003597 10 10016 2102.12298564 0.000 inf 0 0 0 19.35
s 02 003597 10 10016 2102.16314306 0.000 inf 0 0 0 18.88
s 02 003597 10 10016 2103.12293181 0.000 inf 0 0 0 19.80
s 02 003597 10 10016 2103.15730962 0.000 inf 0 0 0 19.67
s 02 003597 10 10016 2104.11811894 19.965 0.175 0 2 0 19.66
s 02 003597 10 10016 2104.15229679 0.000 inf 0 0 0 19.43
s 02 003597 10 10016 2108.11677330 0.000 inf 0 0 0 19.67
s 02 003597 10 10016 2108.14413166 0.000 inf 0 0 0 19.52
s 02 003597 10 10016 2109.16815066 0.000 inf 0 0 0 19.38
s 02 003597 10 10016 2347.32816678 19.138 0.067 0 2 0 19.72
s 02 003597 10 10016 2347.34029672 18.718 0.053 0 2 0 19.69
