# Source: PTFS1101af
# Coordinates: 26.26361 37.94258
# Epoch Units: PTFHJD
#
# Column definitions
# ------------------
# lcType: s = detected on reference image, t = transient
# filterID: 1 = g', 2 = R
# fieldID: PTF Field ID
# chipID: PTF Chip ID
# sourceID: Source ID
# epoch: Time of observation
# mag: calibrated magnitude
# magErr: calibrated magnitude error
# sextractorFlags: sextractor flags from detection
# ipacFlags: see documentation
# relPhotFlags: relative photometry flags
# limitMag: Magnitude at which 95% of source in reference image are detected
#           in this exposure
#
# lcType filterID fieldID chipID sourceID epoch mag magerr sextractorFlags ipacFlags relPhotFlags limitMag
s 02 110006 06 10715 598.24102062 15.696 0.008 0 2 0 19.30
s 02 110005 00 09200 602.38448992 13.312 0.013 4 258 12 18.99
s 02 110005 00 09200 602.39640088 13.261 0.005 4 450 8 19.76
s 02 110005 00 09200 602.40804182 13.281 0.005 4 450 8 19.77
s 02 110005 00 09200 602.42079285 13.304 0.052 4 258 12 18.81
s 02 110005 00 09200 602.43530402 13.221 0.033 4 258 12 18.84
s 02 110005 00 09200 602.44930515 13.273 0.016 4 258 12 18.77
s 02 110005 00 09200 602.46380632 13.233 0.031 4 258 12 18.07
s 02 110005 00 09200 602.47635733 13.231 0.028 4 258 12 18.07
s 02 110005 00 09200 602.49090850 13.127 0.034 0 2 12 16.61
s 02 110005 00 09200 602.50298948 13.124 0.053 0 2 12 16.97
s 02 110005 00 09200 602.51579051 13.192 0.018 4 258 12 18.84
s 02 110006 06 10715 603.38517033 12.985 0.005 4 258 8 19.31
s 02 110006 06 10715 603.40387183 12.993 0.005 4 258 8 19.28
s 02 110006 06 10715 603.41877302 13.025 0.005 4 258 8 19.30
s 02 110006 06 10715 603.43199408 13.001 0.004 4 258 8 19.27
s 02 110006 06 10715 603.44633523 12.986 0.005 4 258 8 19.12
s 02 110006 06 10715 603.45961629 13.012 0.004 4 258 8 19.30
s 02 110006 06 10715 603.47593760 12.997 0.005 4 258 8 19.30
s 02 110006 06 10715 603.49055877 13.000 0.005 4 258 8 19.32
s 02 110006 06 10715 603.50303977 13.000 0.004 4 258 8 19.34
s 02 110006 06 10715 603.51586079 12.984 0.005 4 258 8 19.14
s 02 110005 00 09200 608.33646839 15.896 0.006 0 2 0 20.22
s 02 110005 00 09200 608.38075179 15.836 0.005 0 2 0 20.29
s 02 110005 00 09200 608.42666530 15.834 0.006 0 2 0 20.36
s 02 110005 00 09200 608.46393815 15.853 0.005 0 2 0 20.31
s 02 110005 00 09200 608.50100099 15.965 0.006 0 2 0 20.17
s 02 110006 06 10715 609.33376442 15.981 0.006 0 2 0 20.29
s 02 110006 06 10715 609.38488830 16.131 0.006 0 2 0 20.38
s 02 110006 06 10715 609.43015173 16.096 0.006 0 2 0 20.41
s 02 110006 06 10715 609.47367502 16.084 0.006 0 2 0 20.48
s 02 110006 06 10715 609.50427734 16.077 0.006 0 2 0 20.29
s 02 110006 06 10715 610.33150971 16.094 0.006 0 2 0 20.44
s 02 110006 06 10715 610.37199275 16.058 0.006 0 2 0 20.51
s 02 110006 06 10715 610.40540526 16.072 0.006 0 2 0 20.53
s 02 110006 06 10715 610.45228877 15.901 0.005 0 2 0 20.54
s 02 110006 06 10715 610.48978158 16.076 0.005 0 2 0 20.45
s 02 110006 06 10715 611.32808412 16.112 0.006 0 2 0 20.37
s 02 110006 06 10715 611.37300746 16.133 0.006 0 2 0 20.29
s 02 110006 06 10715 611.41056025 16.101 0.006 0 2 0 20.49
s 02 110006 06 10715 611.45015318 16.222 0.006 0 2 0 20.36
s 02 110006 06 10715 611.49119623 16.034 0.006 0 2 0 20.35
s 02 110005 00 09200 612.33417842 15.853 0.005 0 2 0 20.61
s 02 110005 00 09200 612.38706231 15.809 0.005 0 2 0 20.55
s 02 110005 00 09200 612.44248637 15.920 0.005 0 2 0 20.66
s 02 110005 00 09200 612.50627105 15.865 0.005 0 2 0 20.52
s 02 110005 00 09200 613.32305062 16.124 0.005 0 2 0 20.81
s 02 110005 00 09200 613.38692526 16.088 0.005 0 2 0 20.77
s 02 110005 00 09200 613.44293932 16.086 0.005 0 2 0 20.84
s 02 110005 00 09200 613.50316368 16.177 0.005 0 2 0 20.86
s 02 110005 00 09200 614.32016256 16.191 0.006 0 2 0 20.71
s 02 110005 00 09200 614.37593656 16.075 0.011 0 2 0 20.65
s 02 110005 00 09200 614.43361069 16.164 0.006 0 2 0 20.82
s 02 110005 00 09200 614.49886536 16.235 0.006 0 2 0 20.65
s 02 110006 06 10715 615.34993593 16.271 0.006 0 2 0 20.52
s 02 110006 06 10715 615.36638710 16.283 0.006 0 2 0 20.61
s 02 110006 06 10715 615.38283826 16.267 0.006 0 2 0 20.56
s 02 110006 06 10715 615.39753930 16.274 0.006 0 2 0 20.61
s 02 110006 06 10715 615.41106026 16.243 0.006 0 2 0 20.71
s 02 110006 06 10715 615.42324112 16.223 0.006 0 2 0 20.58
s 02 110006 06 10715 615.44077236 16.172 0.006 0 2 0 20.58
s 02 110006 06 10715 615.45349326 16.295 0.006 0 2 0 20.53
s 02 110006 06 10715 615.46822430 16.268 0.006 0 2 0 20.55
s 02 110006 06 10715 615.48296534 16.277 0.006 0 2 0 20.63
s 02 110006 06 10715 615.49743636 16.267 0.006 0 2 0 20.49
s 02 110006 06 10715 615.51046729 16.279 0.006 0 2 0 20.61
s 02 110006 06 10715 615.52249813 16.281 0.007 0 2 0 20.12
s 02 110005 00 09200 617.34404525 16.214 0.005 0 2 0 20.56
s 02 110005 00 09200 617.35698614 16.014 0.005 0 2 0 20.68
s 02 110005 00 09200 617.36989703 16.197 0.006 0 2 0 20.58
s 02 110005 00 09200 617.38539810 16.245 0.005 0 2 0 20.82
s 02 110005 00 09200 617.40022912 16.170 0.005 0 2 0 20.55
s 02 110005 00 09200 617.41945044 16.201 0.005 0 2 0 20.73
s 02 110005 00 09200 617.43378143 16.222 0.006 0 2 0 20.57
s 02 110005 00 09200 617.44988254 16.244 0.006 0 2 0 20.60
s 02 110005 00 09200 617.46267342 16.207 0.005 0 2 0 20.68
s 02 110005 00 09200 617.47778446 16.155 0.005 0 2 0 20.57
s 02 110005 00 09200 617.49239546 16.206 0.006 0 2 0 20.53
s 02 110005 00 09200 617.50462631 16.240 0.006 0 2 0 20.43
s 02 110005 00 09200 617.52063741 16.122 0.006 0 2 0 20.17
s 02 110006 06 10715 618.34159352 15.774 0.005 0 2 0 20.47
s 02 110006 06 10715 618.35366435 15.757 0.005 0 2 0 20.51
s 02 110006 06 10715 618.36668523 15.791 0.005 0 2 0 20.34
s 02 110006 06 10715 618.38082619 15.761 0.005 0 2 0 20.67
s 02 110006 06 10715 618.39540718 15.741 0.005 0 2 0 20.57
s 02 110006 06 10715 618.40988816 15.726 0.005 0 2 0 20.38
s 02 110006 06 10715 618.42745936 15.722 0.005 0 2 0 20.62
s 02 110006 06 10715 618.44022022 15.684 0.005 0 2 0 20.57
s 02 110006 06 10715 618.45289108 15.701 0.005 0 2 0 20.52
s 02 110006 06 10715 618.46786210 15.664 0.005 0 2 0 20.50
s 02 110006 06 10715 618.48202306 15.672 0.005 0 2 0 20.58
s 02 110006 06 10715 618.49603401 15.659 0.005 0 2 0 20.56
s 02 110006 06 10715 618.51061500 15.656 0.005 0 2 0 20.39
s 02 110006 06 10715 618.52367588 15.645 0.006 0 2 0 19.88
s 02 110006 06 10715 619.34139098 14.762 0.004 0 2 0 20.49
s 02 110005 00 09200 619.34248106 14.750 0.007 0 2 0 20.68
s 02 110006 06 10715 619.35402183 14.736 0.004 0 2 0 20.50
s 02 110005 00 09200 619.35512190 14.724 0.006 0 2 0 20.77
s 02 110006 06 10715 619.36680268 14.737 0.004 0 2 0 20.61
s 02 110005 00 09200 619.36789276 14.727 0.006 0 194 0 20.73
s 02 110006 06 10715 619.37913351 14.703 0.004 0 2 0 20.45
s 02 110005 00 09200 619.38023358 14.680 0.006 0 2 0 20.73
s 02 110006 06 10715 619.39335446 14.686 0.004 0 2 0 20.52
s 02 110005 00 09200 619.39444454 14.669 0.007 0 194 0 20.71
s 02 110006 06 10715 619.40749541 14.644 0.004 0 2 0 20.51
s 02 110005 00 09200 619.40858548 14.638 0.007 0 2 0 20.71
s 02 110005 00 09200 619.42517659 14.597 0.007 0 2 0 20.65
s 02 110006 06 10715 619.43047694 14.605 0.004 0 2 0 20.45
s 02 110005 00 09200 619.43917753 14.581 0.007 0 2 0 20.24
s 02 110006 06 10715 619.44361782 14.539 0.004 0 2 0 20.63
s 02 110005 00 09200 619.45310846 14.523 0.006 0 194 0 20.60
s 02 110006 06 10715 619.45798878 14.534 0.004 0 2 0 20.61
s 02 110005 00 09200 619.46329914 14.476 0.007 0 194 0 20.78
s 02 110006 06 10715 619.46785944 14.451 0.007 0 2 0 20.30
s 02 110005 00 09200 619.47624001 14.373 0.007 0 2 0 20.64
s 02 110006 06 10715 619.47959023 14.369 0.004 0 2 0 20.46
s 02 110005 00 09200 619.49267110 14.281 0.006 0 2 8 20.66
s 02 110006 06 10715 619.49667137 14.272 0.004 0 2 8 20.51
s 02 110005 00 09200 619.50679205 14.195 0.006 0 194 8 20.68
s 02 110006 06 10715 619.51012227 14.191 0.004 0 2 8 20.57
s 02 110005 00 09200 619.51963291 14.126 0.007 0 2 8 20.39
s 02 110006 06 10715 619.52199306 14.123 0.004 0 2 8 20.26
s 02 110006 06 10715 620.33693716 12.920 0.003 4 258 8 20.34
s 02 110006 06 10715 620.35137811 12.951 0.003 4 258 8 20.53
s 02 110006 06 10715 620.36416896 12.932 0.003 4 258 8 20.47
s 02 110006 06 10715 620.37847990 12.956 0.003 4 258 8 20.58
s 02 110006 06 10715 620.39223081 12.964 0.003 4 258 8 20.58
s 02 110006 06 10715 620.40723180 12.901 0.004 4 258 8 20.45
s 02 110006 06 10715 620.42078269 12.968 0.003 4 258 8 20.63
s 02 110006 06 10715 620.43727378 12.951 0.003 4 258 8 20.53
s 02 110006 06 10715 620.44973460 12.929 0.003 4 258 8 20.42
s 02 110006 06 10715 620.46222542 12.902 0.004 4 258 8 20.46
s 02 110006 06 10715 620.47543629 12.931 0.004 4 258 8 20.30
s 02 110006 06 10715 620.48700705 12.931 0.003 4 258 8 20.48
s 02 110006 06 10715 620.51681901 12.966 0.004 4 258 8 20.48
s 02 110006 06 10715 621.33384242 12.962 0.003 4 258 8 20.42
s 02 110005 00 09200 621.33494249 13.097 0.004 4 450 8 20.72
s 02 110005 00 09200 621.34791334 13.016 0.003 4 450 8 20.58
s 02 110005 00 09200 621.36040415 13.057 0.003 4 450 8 20.73
s 02 110005 00 09200 621.37529511 13.050 0.003 4 450 8 20.70
s 02 110006 06 10715 621.38191554 12.960 0.003 4 258 8 20.46
s 02 110005 00 09200 621.39133615 13.063 0.003 4 450 8 20.74
s 02 110006 06 10715 621.39683651 13.002 0.003 4 258 8 20.58
s 02 110005 00 09200 621.40789723 13.080 0.003 4 450 8 20.76
s 02 110005 00 09200 621.42115809 13.040 0.004 4 450 8 20.75
s 02 110005 00 09200 621.43602905 12.974 0.003 4 450 8 20.56
s 02 110006 06 10715 622.33169671 12.698 0.003 4 258 8 20.43
s 02 110006 06 10715 622.34478754 12.717 0.003 4 258 8 20.26
s 02 110006 06 10715 622.35650829 12.710 0.003 4 258 8 20.44
s 02 110006 06 10715 622.37092921 12.700 0.003 4 258 8 20.42
s 02 110006 06 10715 622.38427007 12.703 0.003 4 258 8 20.36
s 02 110006 06 10715 622.40092113 12.691 0.003 4 258 8 20.49
s 02 110006 06 10715 622.41416197 12.681 0.003 4 258 8 20.47
s 02 110006 06 10715 622.42850289 12.695 0.003 4 258 8 20.37
s 02 110006 06 10715 622.44863417 12.711 0.003 4 258 8 20.31
s 02 110006 06 10715 622.46251506 12.679 0.003 4 258 8 20.46
s 02 110006 06 10715 622.47503586 12.686 0.003 4 258 8 20.44
s 02 110006 06 10715 622.48929677 12.721 0.003 4 258 8 20.50
s 02 110006 06 10715 622.50339766 12.677 0.003 4 258 8 20.43
s 02 110006 06 10715 622.51823861 12.705 0.003 4 258 8 20.30
s 02 110006 06 10715 623.32804985 12.597 0.003 4 258 8 20.28
s 02 110006 06 10715 623.34043063 12.608 0.003 4 258 8 20.21
s 02 110006 06 10715 623.35295141 12.619 0.003 4 258 8 20.38
s 02 110006 06 10715 623.38125319 12.609 0.003 4 450 8 20.29
s 02 110006 06 10715 623.39566410 12.631 0.003 4 258 8 20.39
s 02 110006 06 10715 623.40950496 12.666 0.003 4 258 8 20.44
s 02 110006 06 10715 623.42365585 12.621 0.003 4 258 8 20.35
s 02 110006 06 10715 623.43589662 12.649 0.003 4 258 8 20.33
s 02 110006 06 10715 623.44802738 12.623 0.003 4 258 8 20.34
s 02 110006 06 10715 623.46301832 12.590 0.004 4 258 8 20.18
s 02 110006 06 10715 623.47768924 12.610 0.003 4 258 8 20.28
s 02 110006 06 10715 623.49258017 12.631 0.004 4 258 8 20.30
s 02 110006 06 10715 623.50479094 12.634 0.003 4 258 8 20.30
s 02 110005 00 09200 624.32504196 12.881 0.003 4 450 8 20.41
s 02 110006 06 10715 624.32614203 12.710 0.004 4 258 8 20.32
s 02 110005 00 09200 624.34052292 12.908 0.003 4 450 8 20.44
s 02 110005 00 09200 624.35592387 12.849 0.003 4 450 8 20.52
s 02 110005 00 09200 624.36825463 12.828 0.003 4 450 8 20.62
s 02 110006 06 10715 624.36934470 12.717 0.003 4 258 8 20.55
s 02 110006 06 10715 624.38169546 12.733 0.003 4 258 8 20.57
s 02 110005 00 09200 624.39425623 12.873 0.003 4 450 8 20.80
s 02 110005 00 09200 624.40901714 12.841 0.003 4 450 8 20.73
s 02 110005 00 09200 624.42398807 12.843 0.003 4 450 8 20.67
s 02 110006 06 10715 624.42507813 12.737 0.003 4 258 8 20.55
s 02 110005 00 09200 624.43669885 12.843 0.003 4 450 8 20.70
s 02 110005 00 09200 624.45121975 12.844 0.003 4 450 8 20.62
s 02 110005 00 09200 624.46593065 12.851 0.003 4 450 8 20.80
s 02 110006 06 10715 624.49028215 12.722 0.004 4 258 8 20.51
s 02 110005 00 09200 624.49391238 12.849 0.003 4 450 8 20.69
s 02 110005 00 09200 624.50646315 12.865 0.003 4 450 8 20.72
s 02 110006 06 10715 625.32287304 12.754 0.003 4 258 8 20.12
s 02 110006 06 10715 625.33454374 12.756 0.003 4 258 8 20.18
s 02 110006 06 10715 625.34875461 12.795 0.003 4 258 8 20.22
s 02 110006 06 10715 625.36418554 12.790 0.003 4 258 8 20.27
s 02 110006 06 10715 625.37808638 12.768 0.003 4 258 8 20.27
s 02 110006 06 10715 625.39132719 12.773 0.003 4 258 8 20.40
s 02 110006 06 10715 625.40436797 12.789 0.003 4 258 8 20.47
s 02 110006 06 10715 625.41667872 12.811 0.003 4 258 8 20.53
s 02 110006 06 10715 625.43145962 12.818 0.003 4 258 8 20.51
s 02 110006 06 10715 625.45440100 12.803 0.003 4 258 8 20.47
s 02 110006 06 10715 625.47003195 12.829 0.003 4 258 8 20.61
s 02 110006 06 10715 625.48222269 12.808 0.004 4 258 8 20.57
s 02 110006 06 10715 625.49447343 12.815 0.003 4 258 8 20.52
s 02 110006 06 10715 625.50695418 12.818 0.003 4 258 8 20.45
s 02 110006 06 10715 626.32113303 12.865 0.003 4 258 8 20.10
s 02 110005 00 09200 626.32407320 12.941 0.003 4 258 8 20.20
s 02 110005 00 09200 626.33702398 12.945 0.003 4 258 8 20.20
s 02 110005 00 09200 626.34920470 12.936 0.004 4 450 8 20.20
s 02 110005 00 09200 626.36232548 12.935 0.003 4 450 8 20.22
s 02 110006 06 10715 626.36413559 12.885 0.003 4 258 8 20.18
s 02 110005 00 09200 626.37703636 12.953 0.003 4 450 8 20.29
s 02 110006 06 10715 626.37988652 12.900 0.003 4 258 8 20.25
s 02 110005 00 09200 626.39214726 12.934 0.003 4 450 8 20.26
s 02 110005 00 09200 626.41241846 12.976 0.003 4 450 8 20.37
s 02 110005 00 09200 626.47756233 12.944 0.003 4 450 8 20.54
s 02 110005 00 09200 626.49174317 12.915 0.003 4 258 8 20.48
s 02 110005 00 09200 626.50592401 12.942 0.003 4 258 8 20.51
s 02 110006 06 10715 627.32626230 13.026 0.004 4 258 8 19.79
s 02 110006 06 10715 627.34042312 13.024 0.004 4 258 8 19.77
s 02 110006 06 10715 627.36044429 13.022 0.005 0 2 8 19.54
s 02 110006 06 10715 627.37195496 13.074 0.004 4 258 8 19.92
s 02 110006 06 10715 627.38360564 13.105 0.004 4 258 8 19.97
s 02 110006 06 10715 627.40009660 13.099 0.003 4 258 8 19.91
s 02 110006 06 10715 627.41428743 13.102 0.004 4 258 8 19.94
s 02 110006 06 10715 627.42998835 13.085 0.005 2 2 8 19.75
s 02 110006 06 10715 627.46135017 13.110 0.004 0 2 8 19.86
s 02 110006 06 10715 627.47388090 13.100 0.003 0 2 8 19.98
s 02 110006 06 10715 627.48916179 13.119 0.004 4 258 8 20.26
s 02 110006 06 10715 627.50347263 13.108 0.003 4 258 8 20.13
s 02 110006 06 10715 628.31983974 13.661 0.004 4 258 8 19.96
s 02 110005 00 09200 628.32091981 13.692 0.004 4 450 8 20.01
s 02 110005 00 09200 628.33463059 13.684 0.004 4 450 8 19.95
s 02 110005 00 09200 628.34713131 13.681 0.004 4 450 8 19.91
s 02 110005 00 09200 628.35957202 13.689 0.004 4 450 8 19.99
s 02 110006 06 10715 628.36298221 13.666 0.004 4 258 8 19.92
s 02 110005 00 09200 628.37179272 13.674 0.004 4 450 8 19.91
s 02 110006 06 10715 628.37568294 13.679 0.003 0 258 8 19.97
s 02 110005 00 09200 628.38756362 13.700 0.003 4 450 8 20.02
s 02 110005 00 09200 628.40966488 13.695 0.003 0 194 8 19.87
s 02 110005 00 09200 628.42364568 13.727 0.003 0 194 8 19.93
s 02 110006 06 10715 628.43043607 13.718 0.003 0 2 8 19.94
s 02 110005 00 09200 628.43618640 13.727 0.003 0 194 8 19.92
s 02 110005 00 09200 628.44870711 13.736 0.003 0 194 8 19.89
s 02 110005 00 09200 628.46197787 13.728 0.003 0 2 8 19.85
s 02 110005 00 09200 628.47694872 13.741 0.004 4 450 8 20.02
s 02 110005 00 09200 628.49212959 13.762 0.003 0 194 8 20.06
s 02 110006 06 10715 629.31347605 14.445 0.004 0 2 0 19.56
s 02 110006 06 10715 629.37228934 14.538 0.005 0 2 0 19.46
s 02 110006 06 10715 629.38630013 14.550 0.004 0 2 0 19.43
s 02 110006 06 10715 629.43036259 14.582 0.005 0 2 0 19.40
s 02 110006 06 10715 630.30941131 15.529 0.006 0 2 0 19.49
s 02 110006 06 10715 630.35801398 15.551 0.007 0 2 0 19.38
s 02 110006 06 10715 630.37421486 15.556 0.008 0 2 0 19.34
s 02 110006 06 10715 630.41793726 15.596 0.007 0 2 0 19.38
s 02 110006 06 10715 631.30774551 15.820 0.008 0 2 0 19.42
s 02 110005 00 09200 631.30884557 15.804 0.010 0 2 0 19.46
s 02 110005 00 09200 631.32108623 15.915 0.009 0 194 0 19.49
s 02 110005 00 09200 631.33391692 15.929 0.010 0 194 0 19.52
s 02 110005 00 09200 631.34787767 16.082 0.012 0 2 0 19.41
s 02 110006 06 10715 631.35253792 15.964 0.008 0 2 0 19.36
s 02 110005 00 09200 631.36224844 15.869 0.010 0 2 0 19.41
s 02 110005 00 09200 631.37696923 15.984 0.011 0 2 0 19.35
s 02 110006 06 10715 631.37915935 15.961 0.009 0 2 0 19.32
s 02 110005 00 09200 631.39150001 15.885 0.009 0 2 0 19.39
s 02 110005 00 09200 631.40173056 15.922 0.009 0 2 0 19.48
s 02 110005 00 09200 631.41804143 15.885 0.009 0 194 0 19.46
s 02 110006 06 10715 631.42299169 15.943 0.008 0 2 0 19.54
s 02 110005 00 09200 631.42877200 15.804 0.008 0 194 0 19.59
s 02 110005 00 09200 631.44302277 15.926 0.009 0 194 0 19.54
s 02 110005 00 09200 631.45791356 15.992 0.011 0 2 0 19.34
s 02 110005 00 09200 631.47208432 16.018 0.011 0 2 0 19.39
s 02 110005 00 09200 631.48462499 15.856 0.009 0 2 0 19.43
s 02 110006 06 10715 635.32546128 15.957 0.082 0 2 4 16.66
s 02 110005 00 09200 636.29400785 15.878 0.016 0 2 4 19.79
s 02 110005 00 09200 637.29539472 16.065 0.072 0 2 4 17.93
s 02 110006 06 10715 637.29653477 15.967 0.070 0 2 4 16.83
s 02 110006 06 10715 637.31119545 0.000 inf 0 0 0 26.34
s 02 110006 06 10715 637.32819623 15.763 0.025 0 2 4 19.88
s 02 110005 00 09200 637.35740758 0.000 inf 0 0 0 26.43
s 02 110005 00 09200 637.40179962 16.503 0.290 0 0 4 15.59
s 02 110006 06 10715 637.40288967 0.000 inf 0 0 0 14.96
s 02 110006 06 10715 637.41510023 16.018 0.060 0 2 4 17.88
s 02 110006 06 10715 637.44195147 15.816 0.040 0 2 4 19.15
s 02 110006 06 10715 637.45438204 15.726 0.058 0 2 4 19.41
s 02 110006 06 10715 637.46622258 15.807 0.017 0 2 4 20.18
s 02 110005 00 09200 638.28792988 15.794 0.033 0 2 4 18.76
s 02 110006 06 10715 638.29102002 15.848 0.053 0 2 4 19.10
s 02 110005 00 09200 638.31134093 15.634 0.007 0 2 0 20.37
s 02 110005 00 09200 638.32625160 15.708 0.009 0 2 0 20.34
s 02 110006 06 10715 638.33498199 15.688 0.007 0 2 0 20.25
s 02 110005 00 09200 638.33946219 15.777 0.008 0 2 0 20.30
s 02 110006 06 10715 638.34759255 15.757 0.007 0 2 0 20.31
s 02 110005 00 09200 638.35547291 15.764 0.009 0 2 0 20.32
s 02 110005 00 09200 638.36952354 15.788 0.008 0 2 0 20.12
s 02 110005 00 09200 638.38198410 15.690 0.020 0 2 4 19.96
s 02 110006 06 10715 638.39654474 15.760 0.011 0 2 4 20.01
s 02 110005 00 09200 638.39764480 15.747 0.034 0 2 4 17.95
s 02 110005 00 09200 638.41187543 15.713 0.008 0 2 0 20.40
s 02 110005 00 09200 638.42323594 15.720 0.009 0 2 0 20.33
s 02 110005 00 09200 638.43777659 15.775 0.009 0 2 0 20.32
s 02 110005 00 09200 638.44999713 15.706 0.009 0 2 0 20.32
s 02 110006 06 10715 639.28568397 15.726 0.005 0 2 0 20.42
s 02 110005 00 09200 639.28676402 15.708 0.005 0 2 0 20.61
s 02 110006 06 10715 639.29753449 15.741 0.005 0 2 0 20.49
s 02 110006 06 10715 639.30994503 15.739 0.005 0 2 0 20.42
s 02 110006 06 10715 639.32453566 15.706 0.018 0 2 4 20.25
s 02 110006 06 10715 639.33951631 15.814 0.005 0 2 0 20.42
s 02 110006 06 10715 639.35395694 15.815 0.005 0 2 0 20.28
s 02 110005 00 09200 639.36057723 15.795 0.007 0 2 0 20.40
s 02 110006 06 10715 639.36711751 15.715 0.135 0 2 4 16.96
s 02 110005 00 09200 640.28320673 15.748 0.005 0 2 0 20.59
s 02 110006 06 10715 640.28430677 15.782 0.005 0 2 0 20.43
s 02 110005 00 09200 640.30043745 15.784 0.005 0 2 0 20.72
s 02 110005 00 09200 640.31366801 15.848 0.005 0 2 0 20.55
s 02 110005 00 09200 640.32573852 15.864 0.005 0 2 0 20.63
s 02 110006 06 10715 640.32868864 15.825 0.005 0 2 0 20.41
s 02 110005 00 09200 640.33779903 15.888 0.007 0 2 0 20.63
s 02 110006 06 10715 640.34085916 15.899 0.006 0 2 0 20.58
s 02 110005 00 09200 640.35543977 15.855 0.007 0 2 0 20.35
s 02 110005 00 09200 640.37261049 15.861 0.011 0 2 4 20.49
s 02 110006 06 10715 640.38441099 15.889 0.012 0 2 4 20.28
s 02 110005 00 09200 640.38551104 15.852 0.005 0 2 0 20.58
s 02 110005 00 09200 640.44251343 15.790 0.005 0 2 0 20.52
s 02 110005 00 09200 640.45271386 15.854 0.009 0 2 0 20.42
s 02 110005 00 09200 640.46534439 15.766 0.005 0 2 0 20.41
s 02 110005 00 09200 641.28074814 15.714 0.004 0 2 0 20.82
s 02 110006 06 10715 641.28184818 15.776 0.005 0 2 0 20.61
s 02 110006 06 10715 641.29599876 15.816 0.005 0 2 0 20.67
s 02 110006 06 10715 641.30947931 15.813 0.006 0 2 0 20.40
s 02 110005 00 09200 641.32358989 15.836 0.005 0 2 0 20.91
s 02 110006 06 10715 641.33419032 15.879 0.006 0 2 0 20.44
s 02 110005 00 09200 641.33671042 15.894 0.005 0 2 0 20.79
s 02 110006 06 10715 641.34783087 15.808 0.005 0 2 0 20.60
s 02 110006 06 10715 641.35736126 15.835 0.005 0 2 0 20.65
s 02 110006 06 10715 641.36990177 15.822 0.005 0 2 0 20.61
s 02 110005 00 09200 641.38342232 15.783 0.005 0 2 0 20.85
s 02 110006 06 10715 641.38450237 15.779 0.005 0 2 0 20.59
s 02 110006 06 10715 641.39984299 15.736 0.005 0 2 0 20.61
s 02 110006 06 10715 641.41177348 15.749 0.005 0 2 0 20.60
s 02 110006 06 10715 641.42719410 15.757 0.005 0 2 0 20.45
s 02 110006 06 10715 641.43904458 15.855 0.005 0 2 0 20.48
s 02 110006 06 10715 641.45188511 15.810 0.005 0 2 0 20.47
s 02 110006 06 10715 641.46450562 15.820 0.005 0 2 0 20.46
s 02 110005 00 09200 645.26928002 15.686 0.005 0 2 0 20.34
s 02 110006 06 10715 645.27038006 15.697 0.005 0 2 0 20.30
s 02 110006 06 10715 645.28337052 15.733 0.005 0 2 0 20.29
s 02 110006 06 10715 645.29866106 15.707 0.005 0 2 0 20.22
s 02 110006 06 10715 645.31037147 15.697 0.005 0 2 0 20.41
s 02 110005 00 09200 645.31303157 15.720 0.005 0 2 0 20.49
s 02 110006 06 10715 645.32455197 15.685 0.005 0 2 0 20.36
s 02 110005 00 09200 645.32728207 15.700 0.004 0 2 0 20.48
s 02 110006 06 10715 645.34408266 15.669 0.005 0 2 0 20.38
s 02 110006 06 10715 645.35925319 15.639 0.005 0 2 0 20.39
s 02 110005 00 09200 645.37278367 15.738 0.005 0 2 0 20.35
s 02 110006 06 10715 645.37388371 15.731 0.005 0 2 0 20.32
s 02 110006 06 10715 645.38396406 15.778 0.005 0 2 0 20.45
s 02 110006 06 10715 645.39634450 15.751 0.005 0 2 0 20.32
s 02 110006 06 10715 645.40949496 15.747 0.005 0 2 0 20.27
s 02 110006 06 10715 645.42467549 15.673 0.005 0 2 0 20.40
s 02 110006 06 10715 645.43955601 15.731 0.005 0 2 0 20.33
s 02 110006 06 10715 645.45178644 15.701 0.005 0 2 0 20.29
s 02 110005 00 09200 646.26677452 15.784 0.005 0 2 0 20.23
s 02 110006 06 10715 646.26793456 15.794 0.005 0 2 0 20.22
s 02 110005 00 09200 646.28071499 15.776 0.005 0 2 0 20.42
s 02 110005 00 09200 646.29548549 15.760 0.005 0 2 0 20.42
s 02 110005 00 09200 646.30852593 15.741 0.004 0 2 0 20.46
s 02 110006 06 10715 646.31110602 15.740 0.005 0 2 0 20.31
s 02 110005 00 09200 646.32264641 15.764 0.004 0 2 0 20.50
s 02 110006 06 10715 646.32374644 15.755 0.005 0 2 0 20.41
s 02 110005 00 09200 646.33497683 15.759 0.005 0 2 0 20.55
s 02 110005 00 09200 646.35311744 15.756 0.005 0 2 0 20.35
s 02 110006 06 10715 646.36696790 15.752 0.005 0 2 0 19.88
s 02 110005 00 09200 646.36806794 15.734 0.004 0 2 0 20.44
s 02 110005 00 09200 646.38283844 15.754 0.005 0 2 0 20.29
s 02 110005 00 09200 646.39860897 15.734 0.005 0 2 0 20.13
s 02 110005 00 09200 646.40997935 15.697 0.005 0 2 0 20.38
s 02 110005 00 09200 646.42360981 15.775 0.005 0 2 0 20.33
s 02 110005 00 09200 646.43616024 15.733 0.005 0 2 0 20.40
s 02 110005 00 09200 646.45121074 15.665 0.005 0 2 0 20.12
s 02 110005 00 09200 647.26414759 15.668 0.005 0 2 0 20.42
s 02 110006 06 10715 647.26524762 15.684 0.005 0 2 0 20.31
s 02 110005 00 09200 647.27874806 15.695 0.004 0 2 0 20.37
s 02 110005 00 09200 647.29456857 15.642 0.005 0 2 0 20.20
s 02 110005 00 09200 647.30741899 15.625 0.005 0 2 0 20.29
s 02 110006 06 10715 647.30851902 15.645 0.005 0 2 0 20.37
s 02 110005 00 09200 647.32128944 15.737 0.005 0 2 0 20.35
s 02 110006 06 10715 647.32236947 15.733 0.005 0 2 0 20.24
s 02 110005 00 09200 647.33573991 15.717 0.005 0 2 0 20.33
s 02 110005 00 09200 647.35028038 15.688 0.005 0 2 0 20.34
s 02 110005 00 09200 647.37482117 15.786 0.005 0 2 0 20.35
s 02 110006 06 10715 647.37943132 15.735 0.005 0 2 0 20.29
s 02 110005 00 09200 647.39308176 15.773 0.005 0 2 0 20.15
s 02 110005 00 09200 647.40361210 15.747 0.005 0 2 0 20.39
s 02 110005 00 09200 647.41755255 15.818 0.005 0 2 0 20.31
s 02 110005 00 09200 647.42946293 15.748 0.005 0 2 0 20.34
s 02 110005 00 09200 647.44338338 15.724 0.005 0 2 0 20.35
s 02 110005 00 09200 648.27069951 15.443 0.004 0 2 0 20.50
s 02 110006 06 10715 648.27178954 15.440 0.004 0 2 0 20.44
s 02 110005 00 09200 648.28467994 15.438 0.004 0 2 0 20.55
s 02 110005 00 09200 648.30937071 15.429 0.004 0 2 0 20.47
s 02 110006 06 10715 648.31622092 15.379 0.005 0 2 0 20.51
s 02 110005 00 09200 648.32273112 15.353 0.004 0 2 0 20.49
s 02 110005 00 09200 648.34166171 15.360 0.004 0 2 0 20.59
s 02 110005 00 09200 648.35921225 15.366 0.004 0 2 0 20.69
s 02 110005 00 09200 648.37407271 15.383 0.004 0 2 0 20.58
s 02 110006 06 10715 648.37812283 15.369 0.004 0 2 0 20.60
s 02 110005 00 09200 648.38595307 15.356 0.004 0 2 0 20.49
s 02 110005 00 09200 648.39811345 15.314 0.004 0 2 0 20.50
s 02 110005 00 09200 648.41114385 15.338 0.004 0 2 0 20.57
s 02 110005 00 09200 648.42555429 15.238 0.004 0 2 0 20.61
s 02 110005 00 09200 648.43995473 15.241 0.004 0 2 0 20.48
s 02 110005 00 09200 649.25945944 13.622 0.003 4 450 8 20.61
s 02 110006 06 10715 649.26055947 13.621 0.003 4 258 8 20.52
s 02 110006 06 10715 649.27451988 13.560 0.004 4 258 8 20.43
s 02 110006 06 10715 649.28938032 13.510 0.003 4 258 8 20.44
s 02 110006 06 10715 649.30233070 13.489 0.003 4 258 8 20.46
s 02 110005 00 09200 649.30343073 13.491 0.003 4 450 8 20.60
s 02 110006 06 10715 649.31482107 13.446 0.003 4 258 8 20.47
s 02 110005 00 09200 649.31786116 13.454 0.003 4 450 8 20.67
s 02 110006 06 10715 649.32750144 13.393 0.003 4 258 8 20.39
s 02 110006 06 10715 649.34156186 13.356 0.003 4 258 8 20.41
s 02 110006 06 10715 649.35640229 13.324 0.004 4 258 8 20.38
s 02 110005 00 09200 649.37064271 13.316 0.003 4 450 8 20.48
s 02 110006 06 10715 649.37174274 13.312 0.003 4 258 8 20.47
s 02 110006 06 10715 649.38246306 13.283 0.004 4 258 8 20.50
s 02 110006 06 10715 649.39421340 13.231 0.003 4 258 8 20.32
s 02 110006 06 10715 649.40712378 13.214 0.003 4 258 8 20.35
s 02 110006 06 10715 649.42122420 13.181 0.003 4 258 8 20.33
s 02 110006 06 10715 649.43557462 13.210 0.003 4 258 8 20.46
s 02 110005 00 09200 650.25563814 13.044 0.003 4 450 8 20.66
s 02 110006 06 10715 650.25671817 12.991 0.004 4 258 8 20.58
s 02 110005 00 09200 650.27100857 13.050 0.003 4 450 8 20.50
s 02 110005 00 09200 650.30284947 13.117 0.003 4 450 8 20.67
s 02 110006 06 10715 650.30627956 13.023 0.004 4 258 8 20.62
s 02 110005 00 09200 650.31579983 13.094 0.003 4 450 8 20.81
s 02 110006 06 10715 650.31839990 13.029 0.003 4 258 8 20.61
s 02 110005 00 09200 650.32819018 13.047 0.003 4 450 8 20.56
s 02 110005 00 09200 650.34023051 13.085 0.003 4 450 8 20.86
s 02 110005 00 09200 650.36891132 13.009 0.003 4 450 8 20.56
s 02 110006 06 10715 650.37202140 13.008 0.004 4 258 8 20.58
s 02 110005 00 09200 650.38397174 13.098 0.003 4 450 8 20.68
s 02 110005 00 09200 650.39562206 13.054 0.003 4 450 8 20.63
s 02 110005 00 09200 650.40803241 13.064 0.003 4 450 8 20.66
s 02 110005 00 09200 650.42397285 13.101 0.003 4 450 8 20.49
s 02 110005 00 09200 650.43775323 13.072 0.003 4 450 8 20.59
s 02 110006 06 10715 651.25274541 13.261 0.003 4 258 8 20.42
s 02 110005 00 09200 651.25383544 13.263 0.003 4 450 8 20.46
s 02 110006 06 10715 651.26758581 13.267 0.004 4 258 8 20.45
s 02 110006 06 10715 651.28632631 13.240 0.003 4 258 8 20.40
s 02 110005 00 09200 651.29746660 13.286 0.003 4 450 8 20.54
s 02 110006 06 10715 651.29855663 13.279 0.003 4 258 8 20.52
s 02 110005 00 09200 651.30997694 13.258 0.003 4 450 8 20.55
s 02 110006 06 10715 651.31107696 13.287 0.003 4 258 8 20.49
s 02 110006 06 10715 651.32379730 13.247 0.003 4 258 8 20.39
s 02 110006 06 10715 651.33766767 13.314 0.003 4 258 8 20.55
s 02 110006 06 10715 651.35879823 13.274 0.003 4 258 8 20.26
s 02 110006 06 10715 651.37261859 13.315 0.003 4 258 8 20.45
s 02 110006 06 10715 651.38794900 13.317 0.004 4 258 8 20.54
s 02 110005 00 09200 651.38904903 13.340 0.003 4 450 8 20.58
s 02 110006 06 10715 651.40002932 13.307 0.004 4 258 8 20.37
s 02 110006 06 10715 651.41323967 13.316 0.003 4 258 8 20.35
s 02 110006 06 10715 651.42680002 13.336 0.003 4 258 8 20.43
s 02 110005 00 09200 652.25086124 13.773 0.004 0 194 8 20.35
s 02 110006 06 10715 652.25349131 13.776 0.004 0 2 8 20.30
s 02 110005 00 09200 652.26354156 13.771 0.004 0 194 8 20.38
s 02 110005 00 09200 652.27639188 13.755 0.004 0 2 8 20.40
s 02 110005 00 09200 652.29154226 13.608 0.176 0 2 12 18.67
s 02 110005 00 09200 652.38696465 13.883 0.004 0 2 8 20.42
s 02 110005 00 09200 652.40074499 13.846 0.023 0 2 12 20.17
s 02 110006 06 10715 652.41157526 13.962 0.032 0 2 12 20.06
s 02 110005 00 09200 652.41393532 13.700 0.087 0 2 12 19.78
s 02 110005 00 09200 652.42647563 13.911 0.004 0 2 8 20.42
s 02 110005 00 09200 653.24861558 14.660 0.004 0 2 0 20.26
s 02 110006 06 10715 653.24971560 14.652 0.004 0 2 0 20.25
s 02 110006 06 10715 653.26411594 14.673 0.004 0 2 0 20.21
s 02 110006 06 10715 653.28284638 14.692 0.004 0 2 0 20.30
s 02 110005 00 09200 653.29257661 14.693 0.004 0 194 0 20.33
s 02 110006 06 10715 653.29538668 14.712 0.004 0 2 0 20.28
s 02 110005 00 09200 654.24880848 15.674 0.006 0 2 0 20.10
s 02 110006 06 10715 654.25008850 15.705 0.005 0 2 0 20.21
s 02 110005 00 09200 654.26259878 15.659 0.005 0 2 0 20.21
s 02 110005 00 09200 654.27677910 15.691 0.005 0 2 0 20.24
s 02 110005 00 09200 654.28933937 15.675 0.005 0 2 0 20.25
s 02 110006 06 10715 654.30003961 15.729 0.005 0 2 0 20.16
s 02 110005 00 09200 654.30284967 15.677 0.005 0 2 0 20.31
s 02 110006 06 10715 654.31227988 15.676 0.005 0 2 0 20.17
s 02 110005 00 09200 654.31492994 15.667 0.005 0 2 0 20.16
s 02 110005 00 09200 654.32884024 15.717 0.005 0 2 0 20.30
s 02 110005 00 09200 654.34087051 15.665 0.005 0 2 0 20.18
s 02 110005 00 09200 654.35329078 15.639 0.005 0 2 0 20.28
s 02 110006 06 10715 654.35596084 15.683 0.006 0 2 0 20.21
s 02 110005 00 09200 654.36744109 15.684 0.005 0 2 0 20.29
s 02 110005 00 09200 654.38204141 15.748 0.005 0 2 0 20.38
s 02 110005 00 09200 654.39652173 15.772 0.005 0 2 0 20.51
s 02 110005 00 09200 654.41071204 15.755 0.005 0 2 0 20.46
s 02 110005 00 09200 654.42318231 15.732 0.005 0 2 0 20.48
s 02 110005 00 09200 663.35739700 16.480 0.010 0 2 0 19.65
s 02 110005 00 09200 663.37131711 16.496 0.010 0 2 0 19.66
s 02 110006 06 10715 664.33276425 16.528 0.021 0 2 4 18.84
s 02 110006 06 10715 664.34736435 16.535 0.030 0 2 4 18.47
s 02 110006 06 10715 664.36228445 16.561 0.043 0 2 4 17.81
s 02 110006 06 10715 664.37827455 16.560 0.090 0 2 4 17.09
s 02 110006 06 10715 664.39262465 16.448 0.031 0 2 4 18.20
s 02 110006 06 10715 665.21502954 16.482 0.009 0 2 0 19.84
s 02 110005 00 09200 665.21790955 16.445 0.008 0 2 0 20.03
s 02 110005 00 09200 665.23501964 16.530 0.009 0 2 0 19.87
s 02 110006 06 10715 665.25882977 16.414 0.009 0 2 0 19.73
s 02 110005 00 09200 665.26287979 16.400 0.008 0 2 0 19.90
s 02 110006 06 10715 665.27033983 16.400 0.008 0 2 0 19.84
s 02 110005 00 09200 665.29385995 16.386 0.007 0 2 0 20.13
s 02 110005 00 09200 665.30833002 16.409 0.007 0 2 0 20.07
s 02 110006 06 10715 665.31349005 16.432 0.008 0 2 0 19.90
s 02 110005 00 09200 665.32047009 16.462 0.008 0 2 0 19.97
s 02 110005 00 09200 665.33469016 16.361 0.008 0 2 0 20.01
s 02 110005 00 09200 665.35074024 16.363 0.008 0 2 0 19.89
s 02 110005 00 09200 665.36342031 16.464 0.008 0 2 0 20.00
s 02 110005 00 09200 665.37805038 16.373 0.008 0 2 0 19.86
s 02 110005 00 09200 665.39371046 16.508 0.009 0 2 0 19.91
s 02 110005 00 09200 666.21283405 16.509 0.009 0 2 0 20.54
s 02 110005 00 09200 666.22789411 16.509 0.015 0 2 4 19.89
s 02 110006 06 10715 666.22899411 16.476 0.011 0 2 0 20.25
s 02 110005 00 09200 666.24258416 16.377 0.015 0 2 0 19.38
s 02 110006 06 10715 666.24575417 16.455 0.013 0 2 0 19.59
s 02 110006 06 10715 666.26190423 16.510 0.008 0 2 0 20.31
s 02 110005 00 09200 666.26451424 16.493 0.010 0 2 0 20.39
s 02 110005 00 09200 666.28317431 16.498 0.009 0 2 0 20.44
s 02 110006 06 10715 666.28427431 16.511 0.009 0 2 0 20.30
s 02 110005 00 09200 666.29552435 16.546 0.010 0 2 0 20.39
s 02 110006 06 10715 666.29660436 16.521 0.008 0 2 0 20.31
s 02 110005 00 09200 666.30812440 16.539 0.010 0 2 0 20.12
s 02 110006 06 10715 666.30922440 16.500 0.009 0 2 0 20.00
s 02 110005 00 09200 666.32031444 16.593 0.013 0 2 0 19.85
s 02 110006 06 10715 666.32339445 16.587 0.011 0 2 0 19.77
s 02 110005 00 09200 666.33238448 16.558 0.011 0 2 0 20.05
s 02 110006 06 10715 666.33576450 16.513 0.008 0 2 0 20.25
s 02 110005 00 09200 666.34905454 16.558 0.011 0 2 0 19.92
s 02 110006 06 10715 666.35015455 16.589 0.011 0 2 0 19.74
s 02 110005 00 09200 666.36480460 16.533 0.011 0 2 0 19.82
s 02 110006 06 10715 666.36777461 16.594 0.017 0 2 4 19.36
s 02 110005 00 09200 666.37959465 16.503 0.011 0 2 0 19.91
s 02 110006 06 10715 666.38120466 16.555 0.009 0 2 0 20.05
s 02 110005 00 09200 666.39405470 16.496 0.034 0 2 4 18.34
s 02 110006 06 10715 666.39513470 16.489 0.037 0 2 4 18.16
s 02 110005 00 09200 667.21049700 16.541 0.010 0 2 0 20.35
s 02 110006 06 10715 667.21275701 16.577 0.009 0 2 0 20.17
s 02 110005 00 09200 667.22445703 16.636 0.013 0 2 4 20.28
s 02 110005 00 09200 667.23687706 16.542 0.010 0 2 0 20.37
s 02 110005 00 09200 667.24907709 16.537 0.009 0 2 0 20.40
s 02 110005 00 09200 667.26300712 16.596 0.010 0 2 0 20.33
s 02 110006 06 10715 667.27021713 16.647 0.008 0 2 0 20.29
s 02 110005 00 09200 667.27806715 16.623 0.010 0 2 0 20.32
s 02 110006 06 10715 667.28254716 16.597 0.009 0 2 0 20.27
s 02 110005 00 09200 667.29219718 16.581 0.010 0 2 0 20.38
s 02 110005 00 09200 667.30663721 16.594 0.010 0 2 0 20.33
s 02 110005 00 09200 667.32234724 16.609 0.010 0 2 0 20.30
s 02 110005 00 09200 669.24605819 16.007 0.006 0 2 0 20.32
s 02 110006 06 10715 669.24715819 15.998 0.006 0 2 0 20.19
s 02 110005 00 09200 669.26020818 15.983 0.005 0 2 0 20.37
s 02 110005 00 09200 669.34310809 15.701 0.005 0 2 0 20.38
s 02 110006 06 10715 669.35346807 15.701 0.005 0 2 0 20.29
s 02 110005 00 09200 669.35980807 15.729 0.005 0 2 0 20.39
s 02 110005 00 09200 670.21380648 14.748 0.004 0 2 0 20.27
s 02 110006 06 10715 670.21489647 14.745 0.005 0 2 0 20.20
s 02 110005 00 09200 670.40590596 13.941 0.004 0 2 8 20.17
s 02 110006 06 10715 670.40699596 13.938 0.004 0 2 8 20.09
s 02 110006 06 10715 671.15821338 12.879 0.004 4 258 8 20.14
s 02 110005 00 09200 671.19866322 12.916 0.003 4 450 8 20.29
s 02 110006 06 10715 671.36825250 12.858 0.004 4 258 8 20.19
s 02 110005 00 09200 671.37474248 12.909 0.004 4 258 8 20.30
s 02 110005 00 09200 672.14673864 13.155 0.004 4 450 8 20.39
s 02 110006 06 10715 672.31849766 13.152 0.004 4 258 8 20.40
s 02 110005 00 09200 672.40308716 13.178 0.005 4 450 8 19.85
s 02 110006 06 10715 673.15537222 13.570 0.004 0 2 8 20.16
s 02 110005 00 09200 673.16129218 13.593 0.003 0 2 8 20.31
s 02 110005 00 09200 674.16346420 14.486 0.003 0 2 0 20.37
s 02 110006 06 10715 674.16973415 14.500 0.004 0 2 0 20.29
s 02 110006 06 10715 674.35353251 14.717 0.004 0 2 0 20.30
s 02 110005 00 09200 674.45535159 14.794 0.004 0 2 0 20.09
s 02 110005 00 09200 675.39095229 15.947 0.006 0 2 0 20.26
s 02 110006 06 10715 675.43896178 16.034 0.007 0 2 0 19.94
s 02 110005 00 09200 676.09107444 16.143 0.019 0 2 4 18.89
s 02 110006 06 10715 676.16096361 16.318 0.009 0 2 0 20.28
s 02 110005 00 09200 676.24374262 16.177 0.016 0 2 4 19.58
s 02 110006 06 10715 676.24483261 16.184 0.013 0 2 0 19.30
s 02 110006 06 10715 681.08070630 15.834 0.007 0 2 0 19.66
s 02 110005 00 09200 681.15438486 15.890 0.005 0 2 0 20.25
s 02 110005 00 09200 681.23669323 15.927 0.005 0 2 0 20.34
s 02 110006 06 10715 681.23781321 15.922 0.006 0 2 0 20.23
s 02 110005 00 09200 681.25065296 15.902 0.005 0 2 0 20.32
s 02 110006 06 10715 681.25174294 15.883 0.006 0 2 0 20.25
s 02 110005 00 09200 681.26463268 15.868 0.005 0 2 0 20.31
s 02 110006 06 10715 681.26572266 15.842 0.006 0 2 0 20.20
s 02 110005 00 09200 681.27911239 15.704 0.005 0 2 0 20.34
s 02 110006 06 10715 681.28021237 15.725 0.005 0 2 0 20.26
s 02 110005 00 09200 681.29374210 15.774 0.005 0 2 0 20.27
s 02 110006 06 10715 681.29483208 15.774 0.006 0 2 0 19.95
s 02 110005 00 09200 681.30845181 15.734 0.005 0 2 0 20.33
s 02 110006 06 10715 681.30954179 15.725 0.005 0 2 0 20.25
s 02 110005 00 09200 681.32308152 15.758 0.005 0 2 0 20.42
s 02 110006 06 10715 681.32418150 15.744 0.005 0 2 0 20.32
s 02 110005 00 09200 681.33728124 15.826 0.005 0 2 0 20.30
s 02 110006 06 10715 681.34187114 15.885 0.006 0 2 0 20.10
s 02 110005 00 09200 681.35264093 15.841 0.006 0 2 0 20.32
s 02 110006 06 10715 681.35596086 15.870 0.005 0 2 0 20.26
s 02 110005 00 09200 681.36911060 15.879 0.005 0 2 0 20.33
s 02 110006 06 10715 681.37280053 15.881 0.006 0 2 0 20.04
s 02 110005 00 09200 681.38358031 15.863 0.006 0 2 0 20.25
s 02 110006 06 10715 681.38915020 15.849 0.006 0 2 0 19.97
s 02 110006 06 10715 681.40706984 15.871 0.006 0 2 0 19.99
s 02 110006 06 10715 681.42203954 15.880 0.006 0 2 0 20.07
s 02 110006 06 10715 681.44268913 15.855 0.007 0 2 0 19.80
s 02 110006 06 10715 681.45791882 15.811 0.007 0 2 0 19.49
s 02 110005 00 09200 682.08499590 15.515 0.005 0 2 0 19.90
s 02 110006 06 10715 682.13774479 15.454 0.005 0 2 0 20.16
s 02 110005 00 09200 682.19545356 15.474 0.005 0 2 0 20.24
s 02 110006 06 10715 682.20484336 15.479 0.005 0 2 0 20.11
s 02 110006 06 10715 682.28259171 15.363 0.005 0 2 0 20.17
s 02 110005 00 09200 682.30916114 15.340 0.004 0 2 0 20.32
s 02 110006 06 10715 682.36229000 15.332 0.006 0 2 0 19.64
s 02 110005 00 09200 682.42486865 15.281 0.006 0 2 0 19.52
s 02 110006 06 10715 683.08706400 14.377 0.005 0 2 0 19.73
s 02 110005 00 09200 683.13459293 14.175 0.004 0 2 8 20.03
s 02 110006 06 10715 683.19891146 14.017 0.004 0 2 8 19.90
s 02 110005 00 09200 683.21071119 13.986 0.003 0 2 8 20.17
s 02 110005 00 09200 683.28933939 13.741 0.003 0 2 8 20.20
s 02 110006 06 10715 683.31319885 13.687 0.004 0 2 8 20.09
s 02 110005 00 09200 683.36761759 13.547 0.003 0 194 8 20.22
s 02 110006 06 10715 683.42720622 13.411 0.004 4 258 8 20.18
s 02 110005 00 09200 684.08913056 13.221 0.004 4 450 8 19.86
s 02 110006 06 10715 684.13955934 13.150 0.004 4 258 8 19.85
s 02 110005 00 09200 684.18817816 13.169 0.003 4 450 8 19.93
s 02 110006 06 10715 684.20935765 13.179 0.003 4 258 8 20.03
s 02 110006 06 10715 684.28643577 13.184 0.004 4 258 8 20.08
s 02 110005 00 09200 684.28752574 13.237 0.003 4 450 8 20.11
s 02 110006 06 10715 684.36332388 13.169 0.003 4 258 8 19.98
s 02 110005 00 09200 684.40035297 13.190 0.003 4 258 8 20.06
s 02 110006 06 10715 685.08490575 13.306 0.004 4 258 8 19.68
s 02 110005 00 09200 685.12929461 13.369 0.004 4 450 8 19.84
s 02 110006 06 10715 685.17759336 13.339 0.004 4 258 8 19.85
s 02 110005 00 09200 685.19367295 13.387 0.003 4 450 8 19.86
s 02 110005 00 09200 685.27637081 13.414 0.003 4 450 8 19.94
s 02 110006 06 10715 685.27966072 13.350 0.004 4 2 8 19.88
s 02 110005 00 09200 685.35170885 13.378 0.004 0 2 8 19.85
s 02 110006 06 10715 685.37358827 13.375 0.005 0 2 8 19.32
s 02 110005 00 09200 686.11286856 13.877 0.004 0 194 8 19.76
s 02 110006 06 10715 686.12813814 13.882 0.004 0 2 8 19.76
s 02 110006 06 10715 686.20430606 13.939 0.005 0 2 8 19.61
s 02 110005 00 09200 686.22382552 13.974 0.004 0 194 8 19.47
s 02 110006 06 10715 686.28493385 14.022 0.004 0 2 8 19.73
s 02 110005 00 09200 686.32679269 14.068 0.004 0 194 8 19.71
s 02 110006 06 10715 686.36429166 14.081 0.005 0 2 8 19.36
s 02 110005 00 09200 694.11550285 16.125 0.006 0 2 0 20.29
s 02 110006 06 10715 694.11812275 16.091 0.006 0 2 0 20.14
s 02 110005 00 09200 694.18815001 16.133 0.010 0 2 0 19.53
s 02 110006 06 10715 694.22917840 16.146 0.007 0 2 0 19.95
s 02 110005 00 09200 695.11462309 16.380 0.007 0 2 0 20.40
s 02 110006 06 10715 695.11570304 16.378 0.007 0 2 0 20.32
s 02 110005 00 09200 695.18759013 16.305 0.007 0 2 0 19.92
s 02 110006 06 10715 695.22073878 16.316 0.008 0 2 0 19.84
s 02 110005 00 09200 696.10979206 16.184 0.008 0 2 0 19.99
s 02 110006 06 10715 696.11087202 16.160 0.013 0 2 4 19.67
s 02 110005 00 09200 697.21785473 15.560 0.006 2 2 0 19.87
s 02 110006 06 10715 697.22068460 15.570 0.005 0 2 0 20.28
s 02 110005 00 09200 698.07818678 14.188 0.005 0 2 8 19.53
s 02 110006 06 10715 698.09537601 14.127 0.005 0 2 8 19.52
s 02 110006 06 10715 698.17010267 13.919 0.006 0 2 8 19.56
s 02 110005 00 09200 698.17809231 13.890 0.005 0 2 8 19.91
s 02 110006 06 10715 698.24676922 13.650 0.005 0 2 8 19.72
s 02 110005 00 09200 698.27933776 13.565 0.004 0 2 8 19.95
s 02 110006 06 10715 698.31835600 13.450 0.005 0 2 8 19.77
s 02 110005 00 09200 698.38053320 13.300 0.005 0 2 8 19.69
s 02 110006 06 10715 699.07863136 12.975 0.005 4 258 8 19.75
s 02 110005 00 09200 699.08885089 12.995 0.005 4 258 8 19.91
s 02 110005 00 09200 699.15777770 12.961 0.005 0 2 8 19.80
s 02 110006 06 10715 699.18029666 12.949 0.008 0 2 8 19.25
s 02 110005 00 09200 699.22865443 13.009 0.004 4 258 8 19.99
s 02 110006 06 10715 699.27954207 12.971 0.004 4 258 8 19.86
s 02 110005 00 09200 699.31363049 12.962 0.007 0 2 8 19.45
s 02 110006 06 10715 699.38009740 13.016 0.005 4 258 8 19.87
s 02 110005 00 09200 700.08539425 13.241 0.003 4 450 8 20.28
s 02 110006 06 10715 700.09067400 13.207 0.005 4 258 8 20.24
s 02 110006 06 10715 700.16035068 13.189 0.004 4 258 8 20.32
s 02 110005 00 09200 700.18350958 13.238 0.003 4 450 8 20.43
s 02 110006 06 10715 700.23079733 13.210 0.004 4 258 8 20.33
s 02 110005 00 09200 700.28255486 13.300 0.004 4 450 8 20.47
s 02 110006 06 10715 700.30275389 13.251 0.005 4 258 8 20.39
s 02 110005 00 09200 700.38191011 13.270 0.004 4 450 8 20.17
s 02 110006 06 10715 701.08150627 13.480 0.021 4 258 12 19.91
s 02 110005 00 09200 701.15524266 13.435 0.035 0 2 12 16.91
s 02 110006 06 10715 701.17921149 13.514 0.025 0 2 12 18.16
s 02 110005 00 09200 701.22501924 13.480 0.033 0 2 12 17.19
s 02 110006 06 10715 702.15386311 14.036 0.320 0 194 12 14.89
s 02 110005 00 09200 702.17854187 14.421 0.027 0 2 4 20.23
s 02 110006 06 10715 702.23078924 14.558 0.014 0 2 4 20.06
s 02 110006 06 10715 703.16919137 15.565 0.009 0 2 0 20.34
s 02 110005 00 09200 703.18385061 15.540 0.007 0 2 0 20.42
s 02 110006 06 10715 703.27736577 15.602 0.009 0 2 0 20.26
s 02 110005 00 09200 703.28125557 15.607 0.007 0 2 0 20.51
s 02 110005 00 09200 703.37758058 15.745 0.008 0 2 0 19.94
s 02 110005 00 09200 705.08010029 16.135 0.009 0 2 0 19.66
s 02 110006 06 10715 705.08128023 16.130 0.009 0 2 0 19.72
s 02 110005 00 09200 705.14622671 16.173 0.007 0 2 0 20.26
s 02 110006 06 10715 705.17678505 16.089 0.006 0 2 0 20.26
s 02 110005 00 09200 705.21494298 16.007 0.006 0 2 0 20.36
s 02 110006 06 10715 705.27223987 15.943 0.006 0 2 0 20.24
s 02 110005 00 09200 705.28468919 16.036 0.007 0 2 0 20.35
s 02 110006 06 10715 705.38171390 16.018 0.007 0 2 0 20.05
s 02 110006 06 10715 706.10303424 16.214 0.006 0 2 0 20.29
s 02 110005 00 09200 706.10416418 16.206 0.006 0 2 0 20.39
s 02 110006 06 10715 706.14699180 16.062 0.006 0 2 0 20.39
s 02 110005 00 09200 706.14813174 16.056 0.005 0 2 0 20.47
s 02 110006 06 10715 706.16104102 16.104 0.006 0 2 0 20.32
s 02 110005 00 09200 706.16237095 16.075 0.005 0 2 0 20.46
s 02 110006 06 10715 706.20520857 16.198 0.006 0 2 0 20.37
s 02 110005 00 09200 706.20630851 16.179 0.006 0 2 0 20.39
s 02 110006 06 10715 707.09961835 16.402 0.007 0 2 0 20.38
s 02 110005 00 09200 707.10211821 16.384 0.007 0 2 0 20.36
s 02 110006 06 10715 707.14396584 16.264 0.007 0 2 0 20.40
s 02 110005 00 09200 707.14899555 16.299 0.007 0 2 0 20.34
s 02 110006 06 10715 707.15968494 16.284 0.007 0 2 0 20.26
s 02 110005 00 09200 707.16586459 16.331 0.007 0 2 0 20.33
s 02 110005 00 09200 708.09626121 16.251 0.007 0 2 0 20.31
s 02 110006 06 10715 708.09736115 16.271 0.007 0 2 0 20.32
s 02 110005 00 09200 708.13990868 16.274 0.007 0 2 0 20.37
s 02 110006 06 10715 708.14099862 16.234 0.007 0 2 0 20.38
s 02 110005 00 09200 708.15456783 16.286 0.006 0 2 0 20.47
s 02 110006 06 10715 708.15566777 16.310 0.007 0 2 0 20.38
s 02 110005 00 09200 709.09409277 16.029 0.006 0 2 0 20.28
s 02 110006 06 10715 709.09518271 16.000 0.006 0 2 0 20.24
s 02 110005 00 09200 709.13759020 16.143 0.012 0 2 0 19.14
s 02 110006 06 10715 709.13869013 16.114 0.012 0 2 0 19.18
s 02 110005 00 09200 709.15243932 16.089 0.007 0 2 0 19.82
s 02 110006 06 10715 709.15352925 16.097 0.008 0 2 0 19.87
s 02 110006 06 10715 710.09136315 15.937 0.008 0 2 0 19.64
s 02 110005 00 09200 710.09244309 15.958 0.009 0 2 0 19.56
s 02 110006 06 10715 710.13552049 16.096 0.010 0 2 0 19.32
s 02 110005 00 09200 710.13771035 16.084 0.011 0 2 0 19.39
s 02 110005 00 09200 710.15208949 16.109 0.008 0 2 0 19.84
s 02 110006 06 10715 710.15453934 16.126 0.008 0 2 0 19.74
s 02 110005 00 09200 711.08954229 15.897 0.005 0 2 0 20.21
s 02 110006 06 10715 711.09064222 15.924 0.006 0 2 0 20.32
s 02 110005 00 09200 711.13344958 15.950 0.005 0 2 0 20.24
s 02 110006 06 10715 711.13563945 15.972 0.006 0 2 0 20.30
s 02 110006 06 10715 711.15303838 15.951 0.006 0 2 0 20.17
s 02 110005 00 09200 712.08906016 15.680 0.005 0 2 0 20.07
s 02 110006 06 10715 712.09016009 15.704 0.006 0 2 0 20.14
s 02 110005 00 09200 712.13190747 15.740 0.005 0 2 0 20.10
s 02 110006 06 10715 712.13300740 15.707 0.006 0 2 0 20.04
s 02 110006 06 10715 712.14703652 15.716 0.006 0 2 0 20.07
s 02 110005 00 09200 712.14813645 15.694 0.005 0 2 0 20.20
s 02 110005 00 09200 713.08236727 15.047 0.006 0 2 0 19.85
s 02 110006 06 10715 713.08346720 15.069 0.008 0 2 0 19.79
s 02 110006 06 10715 713.14161348 14.965 0.007 0 2 0 19.88
s 02 110006 06 10715 726.08583732 15.941 0.006 0 2 0 20.23
s 02 110005 00 09200 726.08691723 15.922 0.005 0 2 0 20.36
s 02 110006 06 10715 726.12944396 15.750 0.005 0 2 0 20.18
s 02 110005 00 09200 726.13052387 15.747 0.005 0 2 0 20.34
s 02 110005 00 09200 726.15026235 15.898 0.005 0 2 0 20.30
s 02 110006 06 10715 727.11853732 16.016 0.014 0 2 4 19.92
s 02 110005 00 09200 727.15856420 16.091 0.006 0 2 0 20.31
s 02 110006 06 10715 727.16152397 16.055 0.014 0 2 4 20.25
s 02 110005 00 09200 745.08954589 16.121 0.012 0 2 0 19.34
s 02 110006 06 10715 745.09068579 16.159 0.010 0 2 0 19.36
s 02 110005 00 09200 745.13233209 16.208 0.019 0 2 0 18.74
s 02 110006 06 10715 745.13341199 16.199 0.014 0 2 0 18.98
s 02 110005 00 09200 746.09306656 16.341 0.029 0 2 4 18.36
s 02 110006 06 10715 746.09427646 16.279 0.022 0 2 0 18.49
s 02 110005 00 09200 747.09069742 16.494 0.010 0 2 0 19.86
s 02 110006 06 10715 747.09196731 16.508 0.009 0 2 0 19.76
s 02 110005 00 09200 747.13446351 16.447 0.010 0 2 0 19.77
s 02 110006 06 10715 747.13755323 16.436 0.009 0 2 0 19.70
s 02 110005 00 09200 748.09096774 16.574 0.011 0 2 0 19.75
s 02 110006 06 10715 748.09217763 16.607 0.010 0 2 0 19.73
s 02 110005 00 09200 748.13459382 16.583 0.010 0 2 0 19.82
s 02 110006 06 10715 748.13568373 16.594 0.010 0 2 0 19.76
s 02 110005 00 09200 1673.36850696 15.992 0.006 0 2 0 20.32
s 02 110005 00 09200 1673.47459636 16.002 0.007 0 2 0 20.19
s 02 110005 00 09200 1674.33186229 16.092 0.009 0 2 0 20.29
s 02 110005 00 09200 1675.35113254 15.977 0.006 0 2 0 20.25
s 02 110005 00 09200 1676.32567879 15.953 0.006 0 2 0 20.39
s 02 110005 00 09200 1677.32329699 16.049 0.006 0 2 0 20.31
s 02 110005 00 09200 1678.34924760 15.996 0.005 0 2 0 20.51
s 02 110005 00 09200 1678.50519136 15.965 0.006 0 2 0 20.15
s 02 110005 00 09200 1679.40706087 15.983 0.014 0 2 4 20.48
s 02 110005 00 09200 1680.30073953 15.982 0.006 0 2 0 20.08
s 02 110005 00 09200 1680.34116308 16.043 0.006 0 2 0 20.34
s 02 110005 00 09200 1681.29721706 15.935 0.007 0 2 0 20.26
s 02 110005 00 09200 1681.33729058 15.993 0.006 0 2 0 20.48
s 02 110005 00 09200 1682.29397441 16.010 0.006 0 2 0 20.20
s 02 110005 00 09200 1682.33017758 15.939 0.005 0 2 0 20.39
s 02 110005 00 09200 1683.29247168 15.957 0.006 0 2 0 20.23
s 02 110005 00 09200 1683.33230516 16.065 0.006 0 2 0 20.41
s 02 110005 00 09200 1684.29147873 16.081 0.008 0 2 0 20.34
s 02 110005 00 09200 1684.32799191 16.011 0.007 0 2 0 20.50
s 02 110005 00 09200 1685.28666516 15.907 0.006 0 2 0 20.28
s 02 110005 00 09200 1685.32451844 15.945 0.005 0 2 0 20.43
s 02 110005 00 09200 1686.28535158 15.939 0.006 0 2 0 20.04
s 02 110005 00 09200 1686.47333781 15.911 0.005 0 2 0 20.69
s 02 110005 00 09200 1687.37647562 15.864 0.005 0 2 0 20.68
s 02 110005 00 09200 1687.48339481 15.713 0.005 0 2 0 20.78
s 02 110005 00 09200 1688.38528218 16.061 0.005 0 2 0 20.60
s 02 110005 00 09200 1688.50288224 16.097 0.006 0 2 0 20.41
s 02 110005 00 09200 1689.27732838 16.062 0.009 0 2 0 19.70
s 02 110005 00 09200 1689.34311399 16.033 0.007 0 2 0 20.02
s 02 110005 00 09200 1689.50201753 15.980 0.006 0 2 0 20.57
s 02 110005 00 09200 1695.48710897 12.732 0.008 4 258 8 19.20
s 02 110005 00 09200 1695.48825906 12.777 0.008 4 258 8 19.24
s 02 110005 00 09200 1695.48940916 12.749 0.008 4 258 8 19.23
s 02 110005 00 09200 1700.26631542 12.891 0.006 4 450 8 20.21
s 02 110005 00 09200 1700.42600809 12.992 0.007 4 450 8 20.26
s 02 110005 00 09200 1700.46198094 13.058 0.006 4 450 8 20.36
s 02 110005 00 09200 1701.36388214 13.397 0.005 4 450 8 20.35
s 02 110005 00 09200 1701.49269226 13.401 0.004 4 450 8 20.27
s 02 110005 00 09200 1705.34365939 15.907 0.005 0 2 0 20.73
s 02 110005 00 09200 1707.24617200 15.780 0.006 0 2 0 20.27
s 02 110005 00 09200 1707.45800770 15.831 0.006 0 2 0 20.80
s 02 110005 00 09200 1707.49793065 15.869 0.006 0 2 0 20.71
s 02 110005 00 09200 1708.47513254 16.008 0.006 0 2 0 20.73
s 02 110005 00 09200 1709.23947820 15.967 0.009 0 2 0 20.25
s 02 110005 00 09200 1709.45007345 15.813 0.008 0 2 0 20.90
s 02 110005 00 09200 1709.48727614 15.915 0.007 0 2 0 20.65
s 02 110005 00 09200 1710.44760515 15.908 0.007 0 2 0 20.52
s 02 110005 00 09200 1711.23342099 15.952 0.006 0 2 0 20.26
s 02 110005 00 09200 1711.32963779 15.972 0.005 0 2 0 20.57
s 02 110005 00 09200 1711.36640039 15.903 0.005 0 2 0 20.57
s 02 110005 00 09200 1713.31234599 15.793 0.078 0 2 4 20.07
s 02 110005 00 09200 1714.22554838 16.139 0.058 0 2 4 19.85
s 02 110005 00 09200 1714.50768749 15.868 0.005 0 2 0 20.70
s 02 110005 00 09200 1715.22227555 15.960 0.007 0 2 0 19.91
s 02 110005 00 09200 1715.25835796 15.905 0.006 0 2 0 20.28
s 02 110005 00 09200 1716.22050181 15.957 0.007 0 2 0 19.88
s 02 110005 00 09200 1716.52233165 15.970 0.006 0 2 0 20.32
s 02 110005 00 09200 1717.21692695 15.926 0.007 0 2 0 19.86
s 02 110005 00 09200 1717.29174180 15.956 0.006 0 2 0 19.98
s 02 110005 00 09200 1717.51367615 15.916 0.006 0 2 0 20.47
s 02 110005 00 09200 1718.41579396 15.713 0.005 0 2 0 20.84
s 02 110005 00 09200 1718.51040997 15.850 0.005 0 2 0 20.63
s 02 110005 00 09200 1719.21426440 15.893 0.008 0 2 0 19.37
s 02 110005 00 09200 1719.34364251 15.910 0.006 0 2 0 20.18
s 02 110005 00 09200 1719.49051169 15.944 0.005 0 2 0 20.59
s 02 110005 00 09200 1720.39271759 15.896 0.007 0 2 0 20.10
s 02 110005 00 09200 1720.49304375 16.029 0.005 0 2 0 20.40
s 02 110005 00 09200 1720.52623579 16.061 0.006 0 2 0 20.21
s 02 110005 00 09200 1729.18615375 14.539 0.006 0 2 0 19.90
s 02 110005 00 09200 1729.44023671 13.277 0.004 0 2 8 19.94
s 02 110005 00 09200 1729.47601853 13.174 0.004 0 2 8 20.01
s 02 110005 00 09200 1730.43335659 12.817 0.004 4 450 8 20.34
s 02 110005 00 09200 1730.53207148 12.730 0.004 4 258 8 19.73
s 02 110005 00 09200 1731.17976326 12.838 0.003 4 258 8 19.99
s 02 110005 00 09200 1731.35095157 12.996 0.003 4 450 8 20.44
s 02 110005 00 09200 1731.38431319 12.943 0.003 4 258 8 20.33
s 02 110005 00 09200 1732.28597630 13.326 0.003 4 450 8 20.46
s 02 110005 00 09200 1732.52068735 13.484 0.003 4 450 8 20.35
s 02 110005 00 09200 1733.17533779 13.905 0.004 0 194 8 20.19
s 02 110005 00 09200 1733.52415379 14.182 0.004 0 194 8 20.27
s 02 110005 00 09200 1734.17213307 14.860 0.004 0 2 0 20.12
s 02 110005 00 09200 1734.51081815 15.256 0.004 0 2 0 20.37
s 02 110005 00 09200 1735.16915704 15.809 0.005 0 2 0 20.31
s 02 110005 00 09200 1735.49570115 15.649 0.004 0 2 0 20.64
s 02 110005 00 09200 1735.52969261 15.665 0.005 0 2 0 20.30
s 02 110005 00 09200 1736.43214083 15.676 0.005 0 2 0 20.82
s 02 110005 00 09200 1736.51049409 15.854 0.006 0 2 0 20.41
s 02 110005 00 09200 1737.22910366 16.013 0.006 0 2 0 20.36
s 02 110005 00 09200 1737.51960541 16.001 0.006 0 2 0 20.12
s 02 110005 00 09200 1738.16079094 16.185 0.012 0 2 0 19.17
s 02 110005 00 09200 1738.23104370 16.044 0.008 0 2 0 19.63
s 02 110005 00 09200 1738.52443516 15.901 0.013 0 2 4 18.94
s 02 110005 00 09200 1739.42604964 15.967 0.006 0 2 0 20.01
s 02 110005 00 09200 1739.51476297 15.890 0.009 0 2 0 19.51
s 02 110005 00 09200 1740.15623673 16.022 0.010 0 2 0 20.14
s 02 110005 00 09200 1740.22601928 15.884 0.009 0 2 0 20.34
s 02 110005 00 09200 1740.29140166 16.044 0.010 0 2 0 20.24
s 02 110005 00 09200 1741.19417395 16.086 0.006 0 2 0 20.34
s 02 110005 00 09200 1741.45949321 15.932 0.005 0 2 0 20.28
s 02 110005 00 09200 1741.49328439 15.958 0.005 0 2 0 20.33
s 02 110005 00 09200 1744.34077738 15.990 0.005 0 2 0 20.59
s 02 110005 00 09200 1744.54495359 16.210 0.016 0 2 0 18.91
s 02 110005 00 09200 1745.14208143 15.961 0.008 0 2 0 19.75
s 02 110005 00 09200 1745.29830601 15.855 0.005 0 2 0 20.35
s 02 110005 00 09200 1745.32306673 15.878 0.005 0 2 0 20.42
s 02 110005 00 09200 1746.22620248 15.074 0.005 0 2 0 20.05
s 02 110005 00 09200 1746.34977591 14.946 0.004 0 2 0 20.34
s 02 110005 00 09200 1747.36900333 13.047 0.004 4 450 8 20.17
s 02 110005 00 09200 1747.39399399 12.939 0.004 4 258 8 19.93
s 02 110005 00 09200 1747.41945465 12.964 0.004 4 258 8 20.28
s 02 110005 00 09200 1748.32088756 13.104 0.004 4 450 8 20.00
s 02 110005 00 09200 1748.37652894 13.094 0.004 4 450 8 19.99
s 02 110005 00 09200 1748.40402961 13.106 0.004 4 450 8 19.98
s 02 110005 00 09200 1749.30627122 13.303 0.005 0 2 8 19.35
s 02 110005 00 09200 1749.35775241 13.359 0.005 0 194 8 19.62
s 02 110005 00 09200 1749.38261299 13.356 0.004 0 2 8 19.62
s 02 110005 00 09200 1755.18318191 15.923 0.007 0 2 0 19.85
s 02 110005 00 09200 1755.33205403 16.034 0.007 0 2 0 19.86
s 02 110005 00 09200 1755.35681438 15.967 0.007 0 2 0 19.83
s 02 110005 00 09200 1756.25824645 15.960 0.008 0 194 0 19.68
s 02 110005 00 09200 1756.40989836 16.065 0.011 0 2 0 19.43
s 02 110005 00 09200 1756.43522868 16.196 0.013 0 194 0 19.43
s 02 110005 00 09200 1757.33659926 15.892 0.006 0 2 0 20.22
s 02 110005 00 09200 1757.36561958 15.908 0.006 0 2 0 20.13
s 02 110005 00 09200 1757.39115986 15.848 0.006 0 2 0 20.22
s 02 110005 00 09200 1758.29484912 15.914 0.005 0 2 0 20.35
s 02 110005 00 09200 1758.41294024 15.940 0.006 0 2 0 20.25
s 02 110005 00 09200 1758.43801048 15.933 0.005 0 2 0 20.19
s 02 110005 00 09200 1759.34038826 15.876 0.009 0 2 0 20.28
s 02 110005 00 09200 1759.40317876 15.938 0.009 0 2 0 20.30
s 02 110005 00 09200 1759.42763895 15.874 0.009 0 2 0 20.30
s 02 110005 00 09200 1760.32976535 15.781 0.005 0 2 0 20.42
s 02 110005 00 09200 1760.44376607 15.841 0.005 0 2 0 20.32
s 02 110005 00 09200 1760.46879622 15.728 0.005 0 2 0 20.27
s 02 110005 00 09200 1764.10013832 13.029 0.004 4 450 8 20.05
s 02 110005 00 09200 1764.37209840 12.961 0.004 4 258 8 20.12
s 02 110005 00 09200 1764.39796840 12.999 0.003 4 258 8 20.18
s 02 110005 00 09200 1765.30038778 13.103 0.004 4 258 8 20.28
s 02 110005 00 09200 1765.37102767 13.085 0.004 0 2 8 19.88
s 02 110005 00 09200 1765.39627763 13.107 0.004 4 258 8 20.12
s 02 110005 00 09200 1766.29908559 13.176 0.003 4 450 8 20.34
s 02 110005 00 09200 1766.36934538 13.253 0.003 4 450 8 20.39
s 02 110005 00 09200 1766.39488530 13.233 0.003 4 450 8 20.37
s 02 110005 00 09200 1767.29736185 13.380 0.003 4 450 8 20.48
s 02 110005 00 09200 1767.35638158 13.406 0.004 4 450 8 20.38
s 02 110005 00 09200 1767.38133146 13.451 0.003 4 450 8 20.39
s 02 110005 00 09200 1768.28310661 13.953 0.004 0 2 8 20.40
s 02 110005 00 09200 1768.43140569 14.089 0.014 0 2 12 17.72
s 02 110005 00 09200 1769.37558902 15.004 0.006 0 2 0 20.18
s 02 110005 00 09200 1769.42911860 15.038 0.006 0 2 0 19.89
s 02 110005 00 09200 1769.45450839 15.025 0.006 0 2 0 19.86
s 02 110005 00 09200 1770.35631060 15.639 0.005 0 2 0 20.29
s 02 110005 00 09200 1770.39109028 15.893 0.006 0 2 0 20.21
s 02 110005 00 09200 1770.41627004 15.783 0.006 0 2 0 20.10
s 02 110005 00 09200 1771.31743090 15.668 0.005 0 2 0 20.41
s 02 110005 00 09200 1771.35994043 15.792 0.005 0 2 0 20.36
s 02 110005 00 09200 1771.38454016 15.748 0.006 0 2 0 20.19
s 02 110005 00 09200 1772.29519954 15.897 0.026 0 2 4 20.58
s 02 110005 00 09200 1772.46221745 15.882 0.025 0 2 4 20.18
s 02 110005 00 09200 1773.20031769 15.747 0.005 0 2 0 20.36
s 02 110005 00 09200 1773.22534734 15.831 0.005 0 2 0 20.48
s 02 110005 00 09200 1774.12778422 15.958 0.013 0 194 4 19.51
s 02 110005 00 09200 1774.23913251 15.965 0.018 0 2 4 18.87
s 02 110005 00 09200 1775.08966884 15.956 0.007 0 2 0 19.97
s 02 110005 00 09200 1775.37510399 15.878 0.005 0 2 0 20.38
s 02 110005 00 09200 1775.40090355 15.878 0.005 0 2 0 20.34
s 02 110005 00 09200 1776.30355737 15.946 0.007 0 2 0 19.85
s 02 110005 00 09200 1776.33424680 16.010 0.006 0 2 0 19.98
s 02 110005 00 09200 1776.35942633 15.942 0.007 0 2 0 19.76
s 02 110005 00 09200 1777.33557733 15.914 0.007 0 2 0 19.96
s 02 110005 00 09200 1777.38116641 15.834 0.008 0 2 0 19.87
s 02 110005 00 09200 1777.40659589 15.794 0.007 0 2 0 19.83
s 02 110006 06 10715 1789.37083421 12.779 0.004 4 258 8 19.85
s 02 110006 06 10715 1789.41487252 12.767 0.006 0 2 8 19.39
s 02 110006 06 10715 1790.09711602 13.023 0.004 4 258 8 20.22
s 02 110006 06 10715 1790.14073431 13.021 0.005 4 258 8 20.24
s 02 110006 06 10715 1790.17845282 13.000 0.005 4 258 8 20.24
s 02 110006 06 10715 1790.22504098 12.993 0.005 4 258 8 20.13
s 02 110006 06 10715 1790.26915923 13.002 0.006 0 2 8 19.66
s 02 110006 06 10715 1790.31288750 13.024 0.005 0 2 8 19.75
s 02 110005 00 09200 1795.30854172 15.840 0.007 0 2 0 19.90
s 02 110005 00 09200 1795.35083974 15.630 0.007 0 2 0 20.27
s 02 110005 00 09200 1795.39312777 0.000 inf 0 0 0 26.36
s 02 110005 00 09200 1796.08235518 15.858 0.007 0 2 0 19.89
s 02 110005 00 09200 1796.11927342 15.767 0.006 0 2 0 19.92
s 02 110005 00 09200 1796.16176139 15.791 0.007 0 2 0 19.89
s 02 110005 00 09200 1796.20082951 15.761 0.005 0 2 0 20.31
s 02 110005 00 09200 1796.24389745 15.831 0.005 0 2 0 20.32
s 02 110005 00 09200 1796.28565545 15.794 0.006 0 2 0 19.86
s 02 110005 00 09200 1796.32850339 15.749 0.006 0 2 0 19.98
s 02 110005 00 09200 1796.37129133 15.642 0.006 0 2 0 19.89
s 02 110005 00 09200 1796.41378928 15.495 0.023 0 2 4 18.60
s 02 004283 00 08765 1827.14077172 16.061 0.006 0 2 0 20.52
s 02 004283 00 08765 1830.09394866 15.638 0.011 0 2 0 20.23
s 02 004283 00 08765 1830.13179551 15.717 0.011 0 2 0 20.16
s 02 004283 00 08765 1830.15882326 15.746 0.024 0 2 4 19.40
s 02 004283 00 08765 1831.13003200 14.621 0.004 0 2 0 20.36
s 02 004283 00 08765 1831.16342919 14.556 0.004 0 2 0 20.28
s 02 004283 00 08765 1832.09393077 13.285 0.004 4 258 8 20.26
s 02 004283 00 08765 1832.12524812 13.174 0.012 4 258 12 19.81
s 02 004283 00 08765 1832.16355488 13.240 0.003 4 258 8 20.29
s 02 110006 06 10715 1881.11534774 16.159 0.009 0 2 0 19.92
s 02 110006 06 10715 1882.12826587 16.123 0.007 0 2 0 19.98
s 02 110006 06 10715 1882.14712435 16.096 0.061 0 2 4 18.50
s 02 004283 00 08765 2046.45664738 16.062 0.007 0 2 0 20.16
s 02 004283 00 08765 2046.48247964 16.155 0.006 0 2 0 20.30
s 02 004283 00 08765 2047.47662672 16.147 0.008 0 2 0 19.94
s 02 004283 00 08765 2047.50247899 16.128 0.008 0 2 0 19.85
s 02 004283 00 08765 2048.46751329 16.204 0.010 0 2 0 19.73
s 02 004283 00 08765 2048.49785594 16.123 0.025 0 2 4 18.68
s 02 004283 00 08765 2056.41980711 13.755 0.003 4 258 8 20.90
s 02 004283 00 08765 2056.45171980 13.775 0.004 4 258 8 20.90
s 02 004283 00 08765 2058.45984850 15.469 0.006 0 2 0 21.16
s 02 004283 00 08765 2058.49378134 15.544 0.007 0 2 0 20.94
s 02 004283 00 08765 2063.38450335 16.202 0.008 0 2 0 20.72
s 02 004283 00 08765 2063.43823769 16.228 0.052 0 2 4 17.00
s 02 004283 00 08765 2208.11886211 16.080 0.006 0 2 0 20.44
s 02 004283 00 08765 2208.13521065 15.982 0.006 0 2 0 20.24
s 02 004283 00 08765 2209.11472277 16.151 0.014 0 2 0 19.22
s 02 004283 00 08765 2209.13092132 16.144 0.017 0 2 0 18.86
